train_data, group  0 length:  269
[[0.33707865 0.3452381  0.         ... 0.18556701 0.32323232 0.        ]
 [0.73033708 0.46428571 0.         ... 0.35051546 0.28282828 0.        ]
 [0.37078652 0.36904762 0.         ... 0.15463918 0.29292929 0.        ]
 ...
 [0.64044944 0.51190476 0.         ... 0.45360825 0.33333333 1.        ]
 [0.76404494 0.78571429 0.         ... 0.63917526 0.56565657 1.        ]
 [0.70786517 0.83333333 0.         ... 0.45360825 0.34343434 1.        ]]
condensed KNN train data length 76
test_data, group  0 length: 67
[[0.71910112 0.71428571 0.         0.         0.51136364 0.32989691
  0.38383838 0.        ]
 [0.57303371 0.35714286 0.         0.         0.65909091 0.28865979
  0.41414141 0.        ]
 [0.29213483 0.4047619  0.         0.         0.5        0.29896907
  0.41414141 0.        ]
 [0.56179775 0.41666667 0.         0.         0.30681818 0.20618557
  0.34343434 0.        ]
 [0.49438202 0.14285714 0.         0.         0.48863636 0.24742268
  0.37373737 0.        ]
 [0.38202247 0.46428571 0.         0.         0.65909091 0.28865979
  0.41414141 0.        ]
 [0.46067416 0.32142857 0.         0.         0.51136364 0.28865979
  0.41414141 0.        ]
 [0.         0.26190476 0.         0.         0.47727273 0.46391753
  0.55555556 0.        ]
 [0.25842697 0.21428571 0.         0.         0.48863636 0.2371134
  0.37373737 0.        ]
 [0.49438202 0.22619048 0.         0.         0.5        0.50515464
  0.5959596  0.        ]
 [0.4494382  0.35714286 0.         0.         0.47727273 0.32989691
  0.44444444 0.        ]
 [0.42696629 0.33333333 0.         0.         0.48863636 0.17525773
  0.31313131 0.        ]
 [0.3258427  0.14285714 0.         0.         0.56818182 0.40206186
  0.50505051 0.        ]
 [0.68539326 0.23809524 0.         0.         0.55681818 0.32989691
  0.44444444 0.        ]
 [0.4494382  0.3452381  0.         0.         0.43181818 0.19587629
  0.         0.        ]
 [0.3258427  0.25       0.         0.         0.54545455 0.42268041
  0.52525253 0.        ]
 [0.59550562 0.26190476 0.         0.         0.5        0.2371134
  0.36363636 0.        ]
 [0.25842697 0.28571429 0.         0.         0.44318182 0.25773196
  0.38383838 0.        ]
 [0.66292135 0.39285714 0.         0.         0.59090909 0.43298969
  0.36363636 0.        ]
 [0.2247191  0.33333333 0.         0.         0.52272727 0.49484536
  0.57575758 0.        ]
 [0.57303371 0.4047619  0.         0.         0.52272727 0.29896907
  0.35353535 0.        ]
 [0.49438202 0.13095238 0.         0.         0.625      0.50515464
  0.58585859 0.        ]
 [0.47191011 0.26190476 0.         0.         0.61363636 0.31958763
  0.43434343 0.        ]
 [0.26966292 0.32142857 0.         0.         0.61363636 0.50515464
  0.5959596  0.        ]
 [0.3258427  0.42857143 0.         0.         0.47727273 0.26804124
  0.39393939 0.        ]
 [0.25842697 0.5        0.         0.         0.42045455 0.51546392
  0.5959596  0.        ]
 [0.68539326 0.3452381  0.         0.         0.54545455 0.32989691
  0.41414141 0.        ]
 [0.25842697 0.20238095 0.         0.         0.48863636 0.30927835
  0.43434343 0.        ]
 [0.65168539 0.21428571 0.         0.         0.63636364 0.86597938
  0.81818182 0.14285714]
 [0.70786517 0.58333333 0.         0.         0.75       0.65979381
  0.71717172 0.14285714]
 [1.         0.46428571 0.         0.         0.57954545 0.71134021
  0.76767677 0.14285714]
 [0.39325843 0.41666667 0.         0.         0.69318182 0.70103093
  0.74747475 0.14285714]
 [0.11235955 0.39285714 0.         0.         0.46590909 0.65979381
  0.21212121 0.14285714]
 [0.7752809  0.27380952 0.         0.         0.64772727 0.75257732
  0.7979798  0.14285714]
 [0.68539326 0.5952381  0.         0.         0.52272727 0.86597938
  0.88888889 0.14285714]
 [0.70786517 0.45238095 0.         0.         0.73863636 0.78350515
  0.81818182 0.14285714]
 [0.4494382  0.4047619  0.         0.         0.73863636 0.81443299
  0.84848485 0.14285714]
 [0.51685393 0.53571429 0.         0.         0.54545455 0.8556701
  0.87878788 0.14285714]
 [0.49438202 0.42857143 0.         0.         0.48863636 0.45360825
  0.54545455 0.14285714]
 [0.52808989 0.46428571 0.         0.         0.65909091 0.70103093
  0.75757576 0.14285714]
 [0.50561798 0.28571429 0.         0.         0.69318182 0.73195876
  0.77777778 0.14285714]
 [0.5505618  0.30952381 0.         0.         0.60227273 0.78350515
  0.81818182 0.14285714]
 [0.37078652 0.47619048 0.         0.         0.375      0.77319588
  0.80808081 0.14285714]
 [0.70786517 0.39285714 0.         0.         0.61363636 0.75257732
  0.7979798  0.28571429]
 [0.78651685 0.27380952 1.         0.         0.57954545 0.81443299
  0.84848485 0.42857143]
 [0.97752809 0.39285714 0.         0.         0.69318182 0.75257732
  0.7979798  0.57142857]
 [0.91011236 0.42857143 0.         0.         0.64772727 0.77319588
  0.80808081 0.57142857]
 [0.96629213 0.46428571 0.         0.         0.71590909 0.80412371
  0.83838384 0.57142857]
 [0.87640449 0.33333333 0.         0.         0.51136364 0.72164948
  0.68686869 0.57142857]
 [0.93258427 0.38095238 0.         0.         0.73863636 0.75257732
  0.7979798  0.57142857]
 [0.75280899 0.25       0.         0.         0.61363636 0.62886598
  0.68686869 0.57142857]
 [0.86516854 0.46428571 0.         0.         0.57954545 0.77319588
  0.74747475 0.57142857]
 [0.70786517 0.39285714 0.         0.         0.89772727 0.43298969
  0.28282828 0.71428571]
 [0.7752809  0.51190476 0.         0.         0.875      0.37113402
  0.21212121 0.71428571]
 [0.75280899 0.80952381 0.         0.         0.84090909 0.5257732
  0.37373737 0.71428571]
 [0.87640449 0.61904762 0.         0.         0.94318182 0.3814433
  0.29292929 0.71428571]
 [0.75280899 0.46428571 1.         0.         0.75       0.56701031
  0.16161616 0.85714286]
 [0.84269663 0.80952381 0.         0.         0.39772727 0.50515464
  0.33333333 1.        ]
 [0.76404494 0.60714286 0.         0.         0.55681818 0.3814433
  0.34343434 1.        ]
 [0.3258427  0.27380952 0.         0.         0.59090909 0.3814433
  0.48484848 1.        ]
 [0.48314607 0.51190476 0.         0.         0.59090909 0.4742268
  0.56565657 1.        ]
 [0.71910112 0.80952381 0.         0.         0.42045455 0.43298969
  0.4040404  1.        ]
 [0.78651685 0.53571429 0.         0.         0.63636364 0.50515464
  0.43434343 1.        ]
 [0.75280899 0.77380952 0.         0.         0.61363636 0.4742268
  0.23232323 1.        ]
 [0.74157303 0.69047619 0.         0.         0.35227273 0.36082474
  0.43434343 1.        ]
 [0.78651685 0.57142857 0.         0.         0.53409091 0.49484536
  0.47474747 1.        ]
 [0.70786517 0.6547619  0.         0.         0.68181818 0.3814433
  0.39393939 1.        ]]

result of iteration 0
73.13432835820896

train_data, group  1 length:  269
[[0.71910112 0.71428571 0.         ... 0.32989691 0.38383838 0.        ]
 [0.57303371 0.35714286 0.         ... 0.28865979 0.41414141 0.        ]
 [0.29213483 0.4047619  0.         ... 0.29896907 0.41414141 0.        ]
 ...
 [0.64044944 0.51190476 0.         ... 0.45360825 0.33333333 1.        ]
 [0.76404494 0.78571429 0.         ... 0.63917526 0.56565657 1.        ]
 [0.70786517 0.83333333 0.         ... 0.45360825 0.34343434 1.        ]]
condensed KNN train data length 61
test_data, group  1 length: 67
[[0.33707865 0.3452381  0.         0.         0.40909091 0.18556701
  0.32323232 0.        ]
 [0.73033708 0.46428571 0.         0.         0.38636364 0.35051546
  0.28282828 0.        ]
 [0.37078652 0.36904762 0.         0.         0.60227273 0.15463918
  0.29292929 0.        ]
 [0.48314607 0.19047619 0.         0.         0.375      0.43298969
  0.52525253 0.        ]
 [0.53932584 0.30952381 0.         0.         0.51136364 0.22680412
  0.35353535 0.        ]
 [0.38202247 0.14285714 0.         0.         0.46590909 0.32989691
  0.44444444 0.        ]
 [0.56179775 0.39285714 0.         0.         0.55681818 0.44329897
  0.53535354 0.        ]
 [0.35955056 0.20238095 0.         0.         0.68181818 0.03092784
  0.2020202  0.        ]
 [0.30337079 0.16666667 0.         0.         0.80681818 0.25773196
  0.39393939 0.        ]
 [0.4494382  0.29761905 0.         0.         0.625      0.19587629
  0.33333333 0.        ]
 [0.33707865 0.25       0.         0.         0.48863636 0.15463918
  0.3030303  0.        ]
 [0.39325843 0.21428571 0.         0.         0.52272727 0.27835052
  0.27272727 0.        ]
 [0.31460674 0.20238095 0.         0.         0.51136364 0.19587629
  0.33333333 0.        ]
 [0.19101124 0.27380952 0.         0.         0.60227273 0.27835052
  0.39393939 0.        ]
 [0.38202247 0.35714286 0.         0.         0.59090909 0.32989691
  0.44444444 0.        ]
 [0.33707865 0.         0.         0.         0.63636364 0.08247423
  0.23232323 0.        ]
 [0.48314607 0.25       0.         0.         0.60227273 0.32989691
  0.44444444 0.        ]
 [0.4494382  0.1547619  0.         0.         0.47727273 0.32989691
  0.44444444 0.        ]
 [0.07865169 0.28571429 0.         0.         0.61363636 0.32989691
  0.44444444 0.        ]
 [0.3258427  0.14285714 0.         0.         0.5        0.20618557
  0.34343434 0.        ]
 [0.28089888 0.38095238 0.         0.         0.5        0.1443299
  0.29292929 0.        ]
 [0.26966292 0.22619048 0.         0.         0.35227273 0.16494845
  0.31313131 0.        ]
 [0.4494382  0.22619048 0.         0.         0.51136364 0.30927835
  0.42424242 0.        ]
 [0.60674157 0.36904762 0.         0.         0.31818182 0.30927835
  0.42424242 0.        ]
 [0.28089888 0.25       0.         0.         0.48863636 0.2371134
  0.36363636 0.        ]
 [0.58426966 0.23809524 0.         0.         0.46590909 0.25773196
  0.38383838 0.        ]
 [0.33707865 0.25       0.         0.         0.67045455 0.39175258
  0.49494949 0.        ]
 [0.48314607 0.28571429 0.         0.         0.44318182 0.25773196
  0.39393939 0.        ]
 [0.24719101 0.23809524 0.         0.         0.39772727 0.37113402
  0.47474747 0.        ]
 [0.66292135 0.47619048 0.         0.         0.625      0.79381443
  0.82828283 0.14285714]
 [0.41573034 0.36904762 0.         0.         0.44318182 0.75257732
  0.7979798  0.14285714]
 [0.37078652 0.25       0.         0.         0.52272727 0.63917526
  0.6969697  0.14285714]
 [0.65168539 0.46428571 0.         0.         0.64772727 0.69072165
  0.74747475 0.14285714]
 [0.17977528 0.41666667 0.         0.         0.375      0.37113402
  0.48484848 0.14285714]
 [0.         0.41666667 0.         0.         0.39772727 0.65979381
  0.44444444 0.14285714]
 [0.76404494 0.41666667 0.         0.         0.80681818 0.74226804
  0.78787879 0.14285714]
 [0.34831461 0.33333333 0.         0.         0.56818182 0.78350515
  0.82828283 0.14285714]
 [0.60674157 0.39285714 0.         0.         0.45454545 0.86597938
  0.88888889 0.14285714]
 [0.13483146 0.60714286 0.         0.         0.84090909 0.56701031
  0.63636364 0.14285714]
 [0.48314607 0.28571429 0.         0.         0.65909091 0.74226804
  0.78787879 0.14285714]
 [0.06741573 0.53571429 0.         0.         0.55681818 0.91752577
  0.37373737 0.14285714]
 [0.6741573  0.53571429 0.         0.         0.61363636 0.65979381
  0.71717172 0.14285714]
 [0.37078652 0.3452381  0.         0.         0.51136364 0.87628866
  0.8989899  0.14285714]
 [0.70786517 0.4047619  0.         0.         0.67045455 0.84536082
  0.86868687 0.14285714]
 [0.93258427 0.25       0.         0.         0.69318182 0.70103093
  0.74747475 0.14285714]
 [0.52808989 0.35714286 0.         0.         0.70454545 0.73195876
  0.77777778 0.57142857]
 [0.5505618  0.53571429 1.         0.         0.63636364 0.70103093
  0.74747475 0.57142857]
 [0.88764045 0.45238095 0.         0.         0.56818182 0.64948454
  0.68686869 0.57142857]
 [0.65168539 0.52380952 0.         0.         0.67045455 0.72164948
  0.76767677 0.57142857]
 [0.88764045 0.23809524 0.         0.         0.52272727 0.81443299
  0.70707071 0.57142857]
 [0.74157303 0.38095238 0.         0.         0.61363636 0.69072165
  0.74747475 0.57142857]
 [0.91011236 0.33333333 0.         0.         0.47727273 0.65979381
  0.68686869 0.57142857]
 [0.76404494 0.55952381 0.         0.         0.82954545 0.3814433
  0.3030303  0.71428571]
 [0.76404494 0.71428571 0.         0.         0.95454545 0.43298969
  0.27272727 0.71428571]
 [0.83146067 0.88095238 0.         0.         0.64772727 0.51546392
  0.29292929 0.71428571]
 [0.70786517 0.63095238 0.         0.         0.73863636 0.39175258
  0.28282828 0.71428571]
 [0.74157303 0.39285714 1.         0.         0.61363636 0.54639175
  0.36363636 0.85714286]
 [0.7752809  0.76190476 0.         0.         0.52272727 0.55670103
  0.26262626 1.        ]
 [0.7752809  0.51190476 0.         0.         0.52272727 0.42268041
  0.52525253 1.        ]
 [0.71910112 0.77380952 0.         0.         0.42045455 0.37113402
  0.44444444 1.        ]
 [0.7752809  0.58333333 0.         0.         0.71590909 0.46391753
  0.41414141 1.        ]
 [0.69662921 0.73809524 0.         0.         0.53409091 0.4742268
  0.54545455 1.        ]
 [0.83146067 0.39285714 0.         0.         0.47727273 0.5257732
  0.36363636 1.        ]
 [0.75280899 0.64285714 0.         0.         0.52272727 0.43298969
  0.33333333 1.        ]
 [0.79775281 0.6547619  0.         0.         0.45454545 0.5257732
  0.39393939 1.        ]
 [0.35955056 0.27380952 0.         0.         0.60227273 0.25773196
  0.38383838 1.        ]
 [0.70786517 0.79761905 0.         0.         0.45454545 0.37113402
  0.19191919 1.        ]]

result of iteration 1
71.64179104477611

train_data, group  2 length:  268
[[0.71910112 0.71428571 0.         ... 0.32989691 0.38383838 0.        ]
 [0.57303371 0.35714286 0.         ... 0.28865979 0.41414141 0.        ]
 [0.29213483 0.4047619  0.         ... 0.29896907 0.41414141 0.        ]
 ...
 [0.64044944 0.51190476 0.         ... 0.45360825 0.33333333 1.        ]
 [0.76404494 0.78571429 0.         ... 0.63917526 0.56565657 1.        ]
 [0.70786517 0.83333333 0.         ... 0.45360825 0.34343434 1.        ]]
condensed KNN train data length 83
test_data, group  2 length: 68
[[0.34831461 0.36904762 0.         0.         0.32954545 0.25773196
  0.39393939 0.        ]
 [0.46067416 0.32142857 0.         0.         0.56818182 0.21649485
  0.25252525 0.        ]
 [0.26966292 0.21428571 0.         0.         0.43181818 0.27835052
  0.4040404  0.        ]
 [0.4494382  0.30952381 0.         0.         0.42045455 0.24742268
  0.27272727 0.        ]
 [0.46067416 0.38095238 0.         0.         0.57954545 0.42268041
  0.51515152 0.        ]
 [0.3258427  0.36904762 0.         0.         0.46590909 0.20618557
  0.34343434 0.        ]
 [0.58426966 0.33333333 0.         0.         0.42045455 0.34020619
  0.42424242 0.        ]
 [0.41573034 0.33333333 0.         0.         0.47727273 0.37113402
  0.47474747 0.        ]
 [0.19101124 0.42857143 0.         0.         0.55681818 0.35051546
  0.46464646 0.        ]
 [0.24719101 0.21428571 0.         0.         0.47727273 0.26804124
  0.39393939 0.        ]
 [0.52808989 0.14285714 0.         0.         0.63636364 0.17525773
  0.25252525 0.        ]
 [0.42696629 0.16666667 0.         0.         0.48863636 0.26804124
  0.39393939 0.        ]
 [0.57303371 0.39285714 0.         0.         0.60227273 0.11340206
  0.26262626 0.        ]
 [0.04494382 0.17857143 0.         0.         0.46590909 0.26804124
  0.39393939 0.        ]
 [0.29213483 0.11904762 0.         0.         0.38636364 0.22680412
  0.35353535 0.        ]
 [0.40449438 0.27380952 0.         0.         0.54545455 0.19587629
  0.23232323 0.        ]
 [0.48314607 0.27380952 0.         0.         0.53409091 0.28865979
  0.41414141 0.        ]
 [0.23595506 0.41666667 0.         0.         0.56818182 0.29896907
  0.41414141 0.        ]
 [0.62921348 0.28571429 0.         0.         0.55681818 0.35051546
  0.46464646 0.        ]
 [0.23595506 0.21428571 0.         0.         0.57954545 0.25773196
  0.39393939 0.        ]
 [0.43820225 0.19047619 0.         0.         0.52272727 0.21649485
  0.35353535 0.        ]
 [0.40449438 0.45238095 0.         0.         0.46590909 0.36082474
  0.46464646 0.        ]
 [0.49438202 0.21428571 0.         0.         0.34090909 0.30927835
  0.43434343 0.        ]
 [0.20224719 0.16666667 0.         0.         0.52272727 0.21649485
  0.35353535 0.        ]
 [0.39325843 0.38095238 0.         0.         0.63636364 0.3814433
  0.48484848 0.        ]
 [0.31460674 0.26190476 0.         0.         0.56818182 0.30927835
  0.42424242 0.        ]
 [0.4494382  0.4047619  0.         0.         0.51136364 0.37113402
  0.47474747 0.        ]
 [0.47191011 0.22619048 0.         0.         0.65909091 0.12371134
  0.27272727 0.        ]
 [0.49438202 0.22619048 0.         0.         0.625      0.53608247
  0.61616162 0.        ]
 [0.57303371 0.28571429 0.         0.         0.64772727 0.60824742
  0.67676768 0.14285714]
 [0.6741573  0.35714286 0.         0.         0.51136364 0.80412371
  0.83838384 0.14285714]
 [0.68539326 0.42857143 0.         0.         0.61363636 0.65979381
  0.52525253 0.14285714]
 [0.46067416 0.41666667 0.         0.         0.60227273 0.74226804
  0.78787879 0.14285714]
 [0.79775281 0.42857143 0.         0.         0.72727273 1.
  1.         0.14285714]
 [0.40449438 0.3452381  0.         0.         0.43181818 0.78350515
  0.17171717 0.14285714]
 [0.34831461 0.23809524 0.         0.         0.65909091 0.93814433
  0.94949495 0.14285714]
 [0.58426966 0.45238095 0.         0.         0.70454545 0.75257732
  0.7979798  0.14285714]
 [0.53932584 0.3452381  0.         0.         0.68181818 0.77319588
  0.80808081 0.14285714]
 [0.61797753 0.36904762 0.         0.         0.64772727 0.77319588
  0.80808081 0.14285714]
 [0.38202247 0.39285714 0.         0.         0.65909091 0.84536082
  0.80808081 0.14285714]
 [0.30337079 0.22619048 0.         0.         0.57954545 0.7628866
  0.7979798  0.14285714]
 [0.74157303 0.44047619 0.         0.         0.67045455 0.64948454
  0.66666667 0.14285714]
 [0.80898876 0.35714286 0.         0.         0.57954545 0.64948454
  0.70707071 0.14285714]
 [0.78651685 0.28571429 0.         0.         0.63636364 0.8556701
  0.83838384 0.14285714]
 [0.38202247 0.41666667 0.         0.         0.76136364 0.89690722
  0.90909091 0.14285714]
 [0.91011236 0.44047619 0.         0.         0.64772727 0.86597938
  0.88888889 0.57142857]
 [0.71910112 0.3452381  0.         0.         0.76136364 0.59793814
  0.66666667 0.57142857]
 [0.70786517 0.41666667 0.         0.         0.72727273 0.71134021
  0.76767677 0.57142857]
 [0.69662921 0.30952381 0.         0.         0.65909091 0.78350515
  0.81818182 0.57142857]
 [0.88764045 0.29761905 0.         0.         0.75       0.80412371
  0.83838384 0.57142857]
 [0.7752809  0.32142857 0.         0.         0.67045455 0.73195876
  0.77777778 0.57142857]
 [0.94382022 0.39285714 0.         0.         0.625      0.77319588
  0.74747475 0.57142857]
 [0.73033708 0.41666667 0.         0.         0.75       0.5257732
  0.33333333 0.71428571]
 [0.79775281 0.6547619  0.         0.         0.77272727 0.41237113
  0.36363636 0.71428571]
 [0.86516854 0.48809524 0.         0.         1.         0.51546392
  0.2020202  0.71428571]
 [0.68539326 0.70238095 0.         0.         0.57954545 0.30927835
  0.33333333 0.71428571]
 [0.79775281 0.35714286 1.         0.         0.59090909 0.57731959
  0.3030303  0.85714286]
 [0.7752809  0.60714286 0.         0.         0.34090909 0.37113402
  0.24242424 1.        ]
 [0.70786517 0.76190476 0.         0.         0.52272727 0.28865979
  0.29292929 1.        ]
 [0.68539326 0.52380952 0.         0.         0.5        0.37113402
  0.38383838 1.        ]
 [0.62921348 0.45238095 0.         0.         0.48863636 0.35051546
  0.3030303  1.        ]
 [0.79775281 0.48809524 0.         0.         0.54545455 0.32989691
  0.32323232 1.        ]
 [0.79775281 0.83333333 0.         0.         0.45454545 0.5257732
  0.32323232 1.        ]
 [0.82022472 0.73809524 0.         0.         0.65909091 0.49484536
  0.31313131 1.        ]
 [0.70786517 1.         0.         0.         0.39772727 0.49484536
  0.49494949 1.        ]
 [0.71910112 0.66666667 0.         0.         0.55681818 0.40206186
  0.19191919 1.        ]
 [0.83146067 0.78571429 0.         0.         0.55681818 0.4742268
  0.41414141 1.        ]
 [0.83146067 0.69047619 0.         0.         0.35227273 0.51546392
  0.52525253 1.        ]]

result of iteration 2
77.94117647058823

train_data, group  3 length:  270
[[0.71910112 0.71428571 0.         ... 0.32989691 0.38383838 0.        ]
 [0.57303371 0.35714286 0.         ... 0.28865979 0.41414141 0.        ]
 [0.29213483 0.4047619  0.         ... 0.29896907 0.41414141 0.        ]
 ...
 [0.64044944 0.51190476 0.         ... 0.45360825 0.33333333 1.        ]
 [0.76404494 0.78571429 0.         ... 0.63917526 0.56565657 1.        ]
 [0.70786517 0.83333333 0.         ... 0.45360825 0.34343434 1.        ]]
condensed KNN train data length 80
test_data, group  3 length: 66
[[0.39325843 0.25       0.         0.         0.34090909 0.31958763
  0.43434343 0.        ]
 [0.26966292 0.48809524 0.         0.         0.71590909 0.31958763
  0.43434343 0.        ]
 [0.49438202 0.39285714 0.         0.         0.44318182 0.36082474
  0.4040404  0.        ]
 [0.26966292 0.32142857 0.         0.         0.42045455 0.25773196
  0.38383838 0.        ]
 [0.3258427  0.29761905 0.         0.         0.54545455 0.36082474
  0.46464646 0.        ]
 [0.40449438 0.47619048 0.         0.         0.48863636 0.43298969
  0.53535354 0.        ]
 [0.49438202 0.30952381 0.         0.         0.47727273 0.22680412
  0.2020202  0.        ]
 [0.43820225 0.17857143 0.         0.         0.43181818 0.31958763
  0.43434343 0.        ]
 [0.40449438 0.30952381 0.         0.         0.60227273 0.29896907
  0.41414141 0.        ]
 [0.30337079 0.30952381 0.         0.         0.42045455 0.36082474
  0.43434343 0.        ]
 [0.38202247 0.41666667 0.         0.         0.5        0.35051546
  0.46464646 0.        ]
 [0.46067416 0.41666667 0.         0.         0.65909091 0.17525773
  0.31313131 0.        ]
 [0.28089888 0.11904762 0.         0.         0.44318182 0.29896907
  0.42424242 0.        ]
 [0.28089888 0.41666667 0.         0.         0.42045455 0.40206186
  0.50505051 0.        ]
 [0.34831461 0.08333333 0.         0.         0.82954545 0.02061856
  0.14141414 0.        ]
 [0.46067416 0.48809524 0.         0.         0.44318182 0.18556701
  0.32323232 0.        ]
 [0.38202247 0.20238095 0.         0.         0.43181818 0.32989691
  0.44444444 0.        ]
 [0.49438202 0.41666667 0.         0.         0.53409091 0.2371134
  0.36363636 0.        ]
 [0.25842697 0.19047619 0.         0.         0.625      0.22680412
  0.35353535 0.        ]
 [0.47191011 0.28571429 0.         0.         0.63636364 0.15463918
  0.3030303  0.        ]
 [0.24719101 0.32142857 0.         0.         0.54545455 0.13402062
  0.28282828 0.        ]
 [0.73033708 0.36904762 0.         0.         0.67045455 0.27835052
  0.4040404  0.        ]
 [0.49438202 0.47619048 0.         0.         0.56818182 0.44329897
  0.54545455 0.        ]
 [0.28089888 0.25       0.         0.         0.46590909 0.30927835
  0.42424242 0.        ]
 [0.52808989 0.1547619  0.         0.         0.57954545 0.30927835
  0.43434343 0.        ]
 [0.42696629 0.35714286 0.         0.         0.54545455 0.19587629
  0.29292929 0.        ]
 [0.35955056 0.30952381 0.         0.         0.39772727 0.25773196
  0.38383838 0.        ]
 [0.41573034 0.42857143 0.         0.         0.47727273 0.40206186
  0.36363636 0.        ]
 [0.83146067 0.64285714 0.         0.         0.75       0.63917526
  0.6969697  0.14285714]
 [0.2247191  0.35714286 0.         0.         0.64772727 0.77319588
  0.81818182 0.14285714]
 [0.78651685 0.35714286 0.         0.         0.63636364 0.77319588
  0.73737374 0.14285714]
 [0.70786517 0.70238095 0.         0.         0.72727273 0.72164948
  0.66666667 0.14285714]
 [0.33707865 0.41666667 0.         0.         0.47727273 0.59793814
  0.34343434 0.14285714]
 [0.51685393 0.51190476 0.         0.         0.40909091 0.75257732
  0.23232323 0.14285714]
 [0.53932584 0.39285714 0.         0.         0.59090909 0.7628866
  0.71717172 0.14285714]
 [0.52808989 0.51190476 0.         0.         0.59090909 0.75257732
  0.7979798  0.14285714]
 [0.82022472 0.23809524 0.         0.         0.60227273 0.90721649
  0.92929293 0.14285714]
 [0.3258427  0.36904762 0.         0.         0.80681818 0.63917526
  0.6969697  0.14285714]
 [0.70786517 0.36904762 0.         0.         0.57954545 0.81443299
  0.84848485 0.14285714]
 [0.58426966 0.27380952 0.         0.         0.73863636 0.70103093
  0.73737374 0.14285714]
 [0.79775281 0.28571429 0.         0.         0.80681818 0.69072165
  0.74747475 0.14285714]
 [0.34831461 0.4047619  0.         0.         0.64772727 0.83505155
  0.85858586 0.14285714]
 [0.71910112 0.5        0.         0.         0.54545455 0.77319588
  0.73737374 0.14285714]
 [0.85393258 0.29761905 0.         0.         0.56818182 0.57731959
  0.62626263 0.57142857]
 [0.98876404 0.30952381 0.         0.         0.59090909 0.72164948
  0.75757576 0.57142857]
 [0.64044944 0.26190476 0.         0.         0.06818182 0.4742268
  0.33333333 0.57142857]
 [0.70786517 0.30952381 0.         0.         0.54545455 0.7628866
  0.80808081 0.57142857]
 [0.87640449 0.20238095 0.         0.         0.64772727 0.7628866
  0.7979798  0.57142857]
 [0.71910112 0.35714286 0.         0.         0.54545455 0.72164948
  0.76767677 0.57142857]
 [0.66292135 0.1547619  0.         0.         0.72727273 0.74226804
  0.77777778 0.57142857]
 [0.71910112 0.48809524 0.         0.         0.79545455 0.30927835
  0.26262626 0.71428571]
 [0.6741573  0.71428571 1.         0.         0.875      0.57731959
  0.52525253 0.71428571]
 [0.82022472 0.80952381 0.         0.         0.97727273 0.56701031
  0.29292929 0.71428571]
 [0.75280899 0.85714286 0.         0.         0.82954545 0.48453608
  0.25252525 0.71428571]
 [0.86516854 0.48809524 1.         0.         0.42045455 0.5257732
  0.01010101 0.85714286]
 [0.70786517 0.58333333 0.         0.         0.44318182 0.42268041
  0.35353535 1.        ]
 [0.71910112 0.5952381  0.         0.         0.46590909 0.37113402
  0.2020202  1.        ]
 [0.71910112 0.73809524 0.         0.         0.56818182 0.34020619
  0.38383838 1.        ]
 [0.69662921 0.79761905 0.         0.         0.52272727 0.34020619
  0.4040404  1.        ]
 [0.83146067 0.47619048 0.         0.         0.53409091 0.67010309
  0.3030303  1.        ]
 [0.73033708 0.48809524 0.         0.         0.53409091 0.45360825
  0.51515152 1.        ]
 [0.74157303 0.83333333 0.         0.         0.38636364 0.39175258
  0.36363636 1.        ]
 [0.75280899 0.53571429 0.         0.         0.57954545 0.35051546
  0.38383838 1.        ]
 [0.75280899 0.77380952 0.         0.         0.28409091 0.40206186
  0.25252525 1.        ]
 [0.70786517 0.48809524 0.         0.         0.55681818 0.69072165
  0.2020202  1.        ]
 [0.76404494 0.73809524 0.         0.         0.48863636 0.42268041
  0.42424242 1.        ]]

result of iteration 3
81.81818181818183

train_data, group  4 length:  268
[[0.71910112 0.71428571 0.         ... 0.32989691 0.38383838 0.        ]
 [0.57303371 0.35714286 0.         ... 0.28865979 0.41414141 0.        ]
 [0.29213483 0.4047619  0.         ... 0.29896907 0.41414141 0.        ]
 ...
 [0.75280899 0.77380952 0.         ... 0.40206186 0.25252525 1.        ]
 [0.70786517 0.48809524 0.         ... 0.69072165 0.2020202  1.        ]
 [0.76404494 0.73809524 0.         ... 0.42268041 0.42424242 1.        ]]
condensed KNN train data length 81
test_data, group  4 length: 68
[[0.5505618  0.1547619  0.         0.         0.63636364 0.21649485
  0.35353535 0.        ]
 [0.64044944 0.45238095 0.         0.         0.42045455 0.25773196
  0.33333333 0.        ]
 [0.42696629 0.11904762 0.         0.         0.61363636 0.13402062
  0.28282828 0.        ]
 [0.42696629 0.28571429 0.         0.         0.71590909 0.22680412
  0.35353535 0.        ]
 [0.47191011 0.16666667 0.         0.         0.54545455 0.2371134
  0.36363636 0.        ]
 [0.59550562 0.30952381 0.         0.         0.18181818 0.26804124
  0.39393939 0.        ]
 [0.4494382  0.35714286 0.         0.         0.59090909 0.4742268
  0.56565657 0.        ]
 [0.5505618  0.32142857 0.         0.         0.55681818 0.27835052
  0.4040404  0.        ]
 [0.33707865 0.33333333 0.         0.         0.55681818 0.19587629
  0.33333333 0.        ]
 [0.29213483 0.28571429 0.         0.         0.40909091 0.2371134
  0.37373737 0.        ]
 [0.17977528 0.32142857 0.         0.         0.61363636 0.24742268
  0.37373737 0.        ]
 [0.38202247 0.22619048 0.         0.         0.57954545 0.4742268
  0.56565657 0.        ]
 [0.38202247 0.30952381 0.         0.         0.46590909 0.31958763
  0.43434343 0.        ]
 [0.26966292 0.29761905 0.         0.         0.55681818 0.20618557
  0.34343434 0.        ]
 [0.41573034 0.4047619  0.         0.         0.47727273 0.34020619
  0.45454545 0.        ]
 [0.57303371 0.45238095 0.         0.         0.46590909 0.31958763
  0.43434343 0.        ]
 [0.28089888 0.28571429 0.         0.         0.53409091 0.30927835
  0.42424242 0.        ]
 [0.62921348 0.41666667 0.         0.         0.38636364 0.35051546
  0.46464646 0.        ]
 [0.38202247 0.3452381  0.         0.         0.43181818 0.21649485
  0.35353535 0.        ]
 [0.75280899 0.27380952 0.         0.         0.40909091 0.36082474
  0.46464646 0.        ]
 [0.47191011 0.0952381  0.         0.         0.64772727 0.24742268
  0.37373737 0.        ]
 [0.28089888 0.28571429 0.         0.         0.52272727 0.42268041
  0.52525253 0.        ]
 [0.57303371 0.25       0.         0.         0.39772727 0.34020619
  0.45454545 0.        ]
 [0.40449438 0.29761905 0.         0.         0.54545455 0.45360825
  0.54545455 0.        ]
 [0.58426966 0.48809524 0.         0.         0.47727273 0.45360825
  0.54545455 0.        ]
 [0.52808989 0.36904762 0.         0.         0.25       0.13402062
  0.26262626 0.        ]
 [0.37078652 0.3452381  0.         0.         0.59090909 0.29896907
  0.41414141 0.        ]
 [0.19101124 0.26190476 0.         0.         0.51136364 0.40206186
  0.50505051 0.        ]
 [0.3258427  0.16666667 0.         0.         0.51136364 0.
  0.17171717 0.        ]
 [0.56179775 0.48809524 0.         0.         0.80681818 0.59793814
  0.66666667 0.14285714]
 [0.38202247 0.60714286 0.         0.         0.59090909 0.75257732
  0.7979798  0.14285714]
 [0.13483146 0.32142857 0.         0.         0.71590909 0.69072165
  0.74747475 0.14285714]
 [0.40449438 0.36904762 0.         0.         0.57954545 0.68041237
  0.72727273 0.14285714]
 [0.68539326 0.36904762 0.         0.         0.         0.79381443
  0.32323232 0.14285714]
 [0.43820225 0.29761905 0.         0.         0.59090909 0.71134021
  0.75757576 0.14285714]
 [0.12359551 0.4047619  0.         0.         0.65909091 0.71134021
  0.68686869 0.14285714]
 [0.6741573  0.4047619  1.         0.         0.61363636 0.7628866
  0.80808081 0.14285714]
 [0.94382022 0.33333333 0.         0.         0.54545455 0.70103093
  0.74747475 0.14285714]
 [0.53932584 0.29761905 0.         0.         0.57954545 0.89690722
  0.88888889 0.14285714]
 [0.25842697 0.38095238 0.         0.         0.67045455 0.87628866
  0.8989899  0.14285714]
 [0.56179775 0.5952381  0.         0.         0.35227273 0.91752577
  0.92929293 0.14285714]
 [0.56179775 0.25       0.         0.         0.75       0.62886598
  0.6969697  0.14285714]
 [0.83146067 0.33333333 0.         0.         0.625      0.87628866
  0.8989899  0.14285714]
 [0.60674157 0.48809524 0.         0.         0.63636364 0.80412371
  0.83838384 0.14285714]
 [0.95505618 0.44047619 0.         0.         0.60227273 0.50515464
  0.35353535 0.28571429]
 [0.84269663 0.46428571 1.         1.         0.45454545 0.45360825
  0.3030303  0.42857143]
 [0.96629213 0.27380952 0.         0.         0.67045455 0.88659794
  0.90909091 0.57142857]
 [0.78651685 0.44047619 0.         0.         0.79545455 0.8556701
  0.87878788 0.57142857]
 [0.94382022 0.45238095 0.         0.         0.85227273 0.91752577
  0.70707071 0.57142857]
 [0.82022472 0.11904762 0.         0.         0.64772727 0.74226804
  0.78787879 0.57142857]
 [0.80898876 0.30952381 0.         0.         0.73863636 0.7628866
  0.7979798  0.57142857]
 [0.84269663 0.25       0.         0.         0.72727273 0.69072165
  0.74747475 0.57142857]
 [0.85393258 0.6547619  0.         0.         0.56818182 0.70103093
  0.75757576 0.57142857]
 [0.58426966 0.77380952 0.         0.         0.81818182 0.36082474
  0.38383838 0.71428571]
 [0.62921348 0.61904762 0.         0.         0.875      0.34020619
  0.45454545 0.71428571]
 [0.84269663 0.71428571 0.         0.         0.94318182 0.55670103
  0.3030303  0.71428571]
 [0.83146067 0.73809524 0.         0.         0.85227273 0.5257732
  0.15151515 0.71428571]
 [0.76404494 0.39285714 1.         0.         0.70454545 0.53608247
  0.28282828 0.85714286]
 [0.78651685 0.6547619  0.         0.         0.47727273 0.83505155
  0.85858586 1.        ]
 [0.74157303 0.6547619  0.         0.         0.46590909 0.48453608
  0.35353535 1.        ]
 [0.85393258 0.67857143 0.         0.         0.5        0.37113402
  0.39393939 1.        ]
 [0.7752809  0.5952381  0.         0.         0.46590909 0.48453608
  0.25252525 1.        ]
 [0.83146067 0.36904762 0.         0.         0.56818182 0.55670103
  0.42424242 1.        ]
 [0.66292135 0.53571429 0.         0.         0.47727273 0.40206186
  0.37373737 1.        ]
 [0.80898876 0.83333333 0.         0.         0.19318182 0.53608247
  0.21212121 1.        ]
 [0.64044944 0.51190476 0.         0.         0.44318182 0.45360825
  0.33333333 1.        ]
 [0.76404494 0.78571429 0.         0.         0.43181818 0.63917526
  0.56565657 1.        ]
 [0.70786517 0.83333333 0.         0.         0.44318182 0.45360825
  0.34343434 1.        ]]

result of iteration 4
77.94117647058823


final average result:
76.49533083246868

Average Accuracy (%):
76.49533083246868 %
