train_data, group  0 length:  164
[[1.40e+02 2.00e+03 3.20e+04 ... 1.00e+00 5.40e+01 1.41e+02]
 [7.50e+01 2.00e+03 1.60e+04 ... 1.00e+00 3.80e+01 2.59e+02]
 [2.50e+01 2.00e+03 1.20e+04 ... 3.00e+00 5.00e+00 6.60e+01]
 ...
 [1.70e+01 4.00e+03 1.60e+04 ... 6.00e+00 1.20e+01 1.33e+02]
 [1.33e+02 1.00e+03 1.20e+04 ... 3.00e+00 1.20e+01 7.20e+01]
 [1.60e+02 5.12e+02 2.00e+03 ... 3.00e+00 8.00e+00 3.20e+01]]
KNN train data length 164
test_data, group  0 length: 41
[[1.40e+02 2.00e+03 3.20e+04 3.20e+01 1.00e+00 5.40e+01 1.89e+02]
 [3.80e+01 8.00e+03 3.20e+04 6.40e+01 8.00e+00 2.40e+01 3.26e+02]
 [1.10e+03 5.12e+02 1.50e+03 0.00e+00 1.00e+00 1.00e+00 7.00e+00]
 [3.00e+02 7.68e+02 3.00e+03 0.00e+00 6.00e+00 2.40e+01 3.60e+01]
 [5.60e+01 2.00e+03 8.00e+03 0.00e+00 1.00e+00 8.00e+00 2.40e+01]
 [5.00e+01 1.00e+03 4.00e+03 8.00e+00 3.00e+00 5.00e+00 2.60e+01]
 [1.70e+01 4.00e+03 1.60e+04 8.00e+00 6.00e+00 1.20e+01 1.00e+02]
 [9.20e+01 2.00e+03 8.00e+03 4.00e+00 1.00e+00 6.00e+00 5.00e+01]
 [1.67e+02 5.24e+02 2.00e+03 8.00e+00 4.00e+00 1.50e+01 1.90e+01]
 [3.50e+01 8.00e+03 3.20e+04 6.40e+01 8.00e+00 2.40e+01 3.70e+02]
 [5.00e+01 2.00e+03 8.00e+03 8.00e+00 1.00e+00 5.00e+00 7.10e+01]
 [6.00e+01 4.00e+03 1.60e+04 6.40e+01 5.00e+00 8.00e+00 9.30e+01]
 [3.20e+02 2.56e+02 5.00e+03 4.00e+00 1.00e+00 6.00e+00 2.70e+01]
 [3.30e+02 1.00e+03 3.00e+03 0.00e+00 2.00e+00 4.00e+00 1.60e+01]
 [4.00e+02 5.12e+02 3.50e+03 4.00e+00 1.00e+00 6.00e+00 4.00e+01]
 [2.60e+01 8.00e+03 2.40e+04 3.20e+01 8.00e+00 1.60e+01 1.73e+02]
 [2.50e+02 5.12e+02 4.00e+03 0.00e+00 1.00e+00 7.00e+00 2.50e+01]
 [8.10e+02 5.12e+02 5.12e+02 8.00e+00 1.00e+00 1.00e+00 1.80e+01]
 [5.00e+01 1.00e+03 8.00e+03 8.00e+00 3.00e+00 5.00e+00 3.60e+01]
 [9.00e+02 1.00e+03 4.00e+03 4.00e+00 1.00e+00 2.00e+00 1.80e+01]
 [2.20e+02 1.00e+03 8.00e+03 1.60e+01 1.00e+00 2.00e+00 7.10e+01]
 [4.00e+01 8.00e+03 3.20e+04 6.40e+01 8.00e+00 2.40e+01 2.77e+02]
 [1.75e+02 2.56e+02 2.00e+03 0.00e+00 3.00e+00 2.40e+01 2.20e+01]
 [2.60e+01 1.60e+04 3.20e+04 6.40e+01 8.00e+00 2.40e+01 4.65e+02]
 [2.50e+02 1.00e+03 1.60e+04 1.00e+00 1.00e+00 8.00e+00 5.00e+01]
 [2.30e+01 1.60e+04 3.20e+04 6.40e+01 1.60e+01 3.20e+01 4.89e+02]
 [7.20e+01 2.00e+03 8.00e+03 1.60e+01 6.00e+00 8.00e+00 1.05e+02]
 [2.00e+02 5.12e+02 1.60e+04 0.00e+00 4.00e+00 3.20e+01 3.50e+01]
 [3.00e+01 1.60e+04 3.20e+04 2.56e+02 1.60e+01 2.40e+01 5.10e+02]
 [1.43e+02 1.50e+03 6.30e+03 0.00e+00 5.00e+00 3.20e+01 3.00e+01]
 [1.25e+02 2.56e+02 6.00e+03 2.56e+02 1.60e+01 1.28e+02 1.98e+02]
 [6.00e+01 4.00e+03 1.60e+04 3.20e+01 1.00e+00 6.00e+00 8.60e+01]
 [3.00e+02 1.00e+03 4.00e+03 8.00e+00 3.00e+00 6.40e+01 3.80e+01]
 [2.00e+02 1.00e+03 4.00e+03 0.00e+00 1.00e+00 4.00e+00 3.00e+01]
 [1.60e+02 1.00e+03 8.00e+03 1.60e+01 1.00e+00 1.40e+01 6.00e+01]
 [2.00e+02 1.00e+03 2.00e+03 0.00e+00 1.00e+00 2.00e+00 2.50e+01]
 [5.00e+01 2.00e+03 8.00e+03 8.00e+00 1.00e+00 6.00e+00 5.60e+01]
 [5.60e+01 2.00e+03 6.00e+03 0.00e+00 1.00e+00 8.00e+00 2.10e+01]
 [2.25e+02 2.00e+03 4.00e+03 8.00e+00 3.00e+00 6.00e+00 4.00e+01]
 [3.20e+02 5.12e+02 5.00e+03 4.00e+00 1.00e+00 5.00e+00 7.70e+01]
 [2.00e+02 1.00e+03 8.00e+03 0.00e+00 1.00e+00 2.00e+00 3.60e+01]]

result of iteration 0
1977.4878048780488

train_data, group  1 length:  164
[[1.40e+02 2.00e+03 3.20e+04 ... 1.00e+00 5.40e+01 1.89e+02]
 [3.80e+01 8.00e+03 3.20e+04 ... 8.00e+00 2.40e+01 3.26e+02]
 [1.10e+03 5.12e+02 1.50e+03 ... 1.00e+00 1.00e+00 7.00e+00]
 ...
 [1.70e+01 4.00e+03 1.60e+04 ... 6.00e+00 1.20e+01 1.33e+02]
 [1.33e+02 1.00e+03 1.20e+04 ... 3.00e+00 1.20e+01 7.20e+01]
 [1.60e+02 5.12e+02 2.00e+03 ... 3.00e+00 8.00e+00 3.20e+01]]
KNN train data length 164
test_data, group  1 length: 41
[[1.400e+02 2.000e+03 3.200e+04 3.200e+01 1.000e+00 5.400e+01 1.410e+02]
 [7.500e+01 2.000e+03 1.600e+04 1.280e+02 1.000e+00 3.800e+01 2.590e+02]
 [2.500e+01 2.000e+03 1.200e+04 1.600e+01 3.000e+00 5.000e+00 6.600e+01]
 [8.000e+02 2.560e+02 8.000e+03 0.000e+00 1.000e+00 4.000e+00 2.200e+01]
 [3.800e+01 4.000e+03 8.000e+03 3.200e+01 1.600e+01 3.200e+01 1.160e+02]
 [2.600e+01 8.000e+03 3.200e+04 6.400e+01 8.000e+00 3.200e+01 3.180e+02]
 [5.600e+01 4.000e+03 8.000e+03 0.000e+00 1.000e+00 8.000e+00 3.400e+01]
 [1.240e+02 1.000e+03 8.000e+03 0.000e+00 1.000e+00 8.000e+00 4.200e+01]
 [3.800e+01 8.000e+03 2.400e+04 1.600e+02 4.000e+00 8.000e+00 1.400e+02]
 [5.000e+01 2.000e+03 1.600e+04 2.400e+01 1.000e+00 6.000e+00 7.000e+01]
 [9.200e+01 2.000e+03 8.000e+03 3.200e+01 1.000e+00 6.000e+00 6.000e+01]
 [1.050e+02 2.560e+02 2.000e+03 0.000e+00 3.000e+00 1.000e+01 2.600e+01]
 [1.100e+02 1.000e+03 1.200e+04 1.600e+01 1.000e+00 2.000e+00 6.000e+01]
 [5.000e+01 4.000e+03 1.600e+04 6.500e+01 1.000e+00 8.000e+00 1.380e+02]
 [2.250e+02 2.000e+03 4.000e+03 8.000e+00 3.000e+00 6.000e+00 3.400e+01]
 [3.200e+02 2.560e+02 3.000e+03 4.000e+00 1.000e+00 3.000e+00 2.700e+01]
 [5.600e+01 5.240e+03 2.097e+04 3.000e+01 1.200e+01 2.400e+01 1.060e+02]
 [1.050e+02 2.000e+03 4.000e+03 8.000e+00 3.000e+00 1.900e+01 3.200e+01]
 [6.400e+01 5.240e+03 2.097e+04 3.000e+01 1.200e+01 2.400e+01 2.080e+02]
 [4.800e+02 9.600e+01 5.120e+02 0.000e+00 1.000e+00 1.000e+00 6.000e+00]
 [5.000e+01 5.000e+02 2.000e+03 8.000e+00 1.000e+00 4.000e+00 2.000e+01]
 [5.000e+01 2.000e+03 1.600e+04 8.000e+00 3.000e+00 6.000e+00 6.000e+01]
 [1.150e+02 2.000e+03 4.000e+03 2.000e+00 1.000e+00 5.000e+00 4.000e+01]
 [2.400e+02 5.120e+02 2.000e+03 8.000e+00 1.000e+00 5.000e+00 1.100e+01]
 [4.000e+01 8.000e+03 1.600e+04 3.200e+01 8.000e+00 1.600e+01 2.140e+02]
 [3.800e+01 4.000e+03 8.000e+03 3.200e+01 1.600e+01 3.200e+01 5.100e+01]
 [1.800e+02 5.120e+02 4.000e+03 0.000e+00 1.000e+00 3.000e+00 2.100e+01]
 [7.000e+02 3.840e+02 8.000e+03 0.000e+00 1.000e+00 1.000e+00 2.400e+01]
 [1.000e+02 1.000e+03 8.000e+03 0.000e+00 2.000e+00 6.000e+00 1.600e+01]
 [1.600e+02 2.000e+03 8.000e+03 3.200e+01 1.000e+00 1.300e+01 1.090e+02]
 [9.800e+01 1.000e+03 8.000e+03 3.200e+01 2.000e+00 8.000e+00 4.600e+01]
 [5.000e+01 2.620e+03 1.048e+04 3.000e+01 1.200e+01 2.400e+01 3.200e+01]
 [2.000e+02 5.120e+02 8.000e+03 8.000e+00 1.000e+00 8.000e+00 6.200e+01]
 [1.100e+02 5.000e+03 5.000e+03 1.420e+02 8.000e+00 6.400e+01 1.200e+02]
 [9.000e+01 2.560e+02 1.000e+03 0.000e+00 3.000e+00 1.000e+01 1.700e+01]
 [8.000e+02 2.560e+02 8.000e+03 0.000e+00 1.000e+00 4.000e+00 1.200e+01]
 [3.200e+02 5.120e+02 2.000e+03 4.000e+00 1.000e+00 3.000e+00 6.900e+01]
 [5.600e+01 1.000e+03 4.000e+03 0.000e+00 1.000e+00 6.000e+00 1.700e+01]
 [3.500e+02 6.400e+01 6.400e+01 0.000e+00 1.000e+00 4.000e+00 1.000e+01]
 [6.000e+01 2.000e+03 1.600e+04 6.400e+01 5.000e+00 8.000e+00 7.400e+01]
 [1.400e+02 1.000e+03 1.600e+04 1.600e+01 1.000e+00 3.000e+00 1.380e+02]]

result of iteration 1
1782.9024390243903

train_data, group  2 length:  164
[[1.40e+02 2.00e+03 3.20e+04 ... 1.00e+00 5.40e+01 1.89e+02]
 [3.80e+01 8.00e+03 3.20e+04 ... 8.00e+00 2.40e+01 3.26e+02]
 [1.10e+03 5.12e+02 1.50e+03 ... 1.00e+00 1.00e+00 7.00e+00]
 ...
 [1.70e+01 4.00e+03 1.60e+04 ... 6.00e+00 1.20e+01 1.33e+02]
 [1.33e+02 1.00e+03 1.20e+04 ... 3.00e+00 1.20e+01 7.20e+01]
 [1.60e+02 5.12e+02 2.00e+03 ... 3.00e+00 8.00e+00 3.20e+01]]
KNN train data length 164
test_data, group  2 length: 41
[[3.000e+01 8.000e+03 6.400e+04 1.280e+02 1.200e+01 1.760e+02 1.150e+03]
 [1.800e+02 5.120e+02 4.000e+03 0.000e+00 1.000e+00 3.000e+00 1.400e+01]
 [3.000e+02 1.000e+03 1.600e+04 8.000e+00 2.000e+00 1.120e+02 3.800e+01]
 [2.600e+01 1.600e+04 3.200e+04 6.400e+01 1.600e+01 2.400e+01 4.650e+02]
 [1.000e+02 1.000e+03 8.000e+03 2.400e+01 3.000e+00 6.000e+00 3.200e+01]
 [5.000e+01 4.000e+03 1.600e+04 6.400e+01 5.000e+00 1.000e+01 1.110e+02]
 [1.600e+02 5.120e+02 4.000e+03 2.000e+00 1.000e+00 5.000e+00 3.000e+01]
 [4.800e+02 1.000e+03 4.000e+03 0.000e+00 0.000e+00 0.000e+00 4.500e+01]
 [4.000e+02 4.000e+03 8.000e+03 0.000e+00 1.000e+00 1.000e+00 3.200e+01]
 [2.300e+01 3.200e+04 6.400e+04 1.280e+02 3.200e+01 6.400e+01 1.144e+03]
 [1.160e+02 2.000e+03 8.000e+03 3.200e+01 5.000e+00 2.800e+01 7.000e+01]
 [7.200e+01 4.000e+03 1.600e+04 6.400e+01 8.000e+00 1.600e+01 1.430e+02]
 [2.300e+01 1.600e+04 3.200e+04 6.400e+01 1.600e+01 3.200e+01 3.670e+02]
 [5.700e+01 4.000e+03 1.600e+04 1.000e+00 6.000e+00 1.200e+01 1.320e+02]
 [5.900e+01 8.000e+03 1.600e+04 6.400e+01 1.200e+01 2.400e+01 1.880e+02]
 [3.000e+02 7.680e+02 4.500e+03 0.000e+00 1.000e+00 2.400e+01 4.500e+01]
 [5.000e+01 2.000e+03 1.600e+04 2.400e+01 6.000e+00 1.600e+01 6.500e+01]
 [2.030e+02 1.000e+03 2.000e+03 0.000e+00 1.000e+00 5.000e+00 2.400e+01]
 [2.500e+01 1.310e+03 2.620e+03 1.310e+02 1.200e+01 2.400e+01 2.740e+02]
 [2.000e+02 2.000e+03 8.000e+03 6.400e+01 1.000e+00 5.000e+00 4.100e+01]
 [2.600e+01 8.000e+03 3.200e+04 0.000e+00 8.000e+00 2.400e+01 2.770e+02]
 [5.000e+01 2.000e+03 3.200e+04 4.800e+01 2.600e+01 5.200e+01 2.080e+02]
 [2.900e+01 8.000e+03 1.600e+04 3.200e+01 8.000e+00 1.600e+01 1.320e+02]
 [1.100e+02 3.100e+03 6.200e+03 0.000e+00 6.000e+00 6.400e+01 7.600e+01]
 [3.800e+01 1.600e+04 3.200e+04 1.280e+02 1.600e+01 3.200e+01 5.100e+02]
 [1.400e+02 2.000e+03 4.000e+03 8.000e+00 1.000e+00 2.000e+01 2.200e+01]
 [2.300e+01 1.600e+04 6.400e+04 6.400e+01 1.600e+01 3.200e+01 6.360e+02]
 [1.150e+02 2.000e+03 8.000e+03 1.600e+01 1.000e+00 3.000e+00 5.000e+01]
 [1.500e+03 7.680e+02 1.000e+03 0.000e+00 0.000e+00 0.000e+00 1.200e+01]
 [1.050e+02 2.000e+03 8.000e+03 1.600e+01 4.000e+00 1.400e+01 5.800e+01]
 [5.600e+01 4.000e+03 1.200e+04 0.000e+00 1.000e+00 8.000e+00 4.200e+01]
 [1.800e+02 2.620e+02 4.000e+03 0.000e+00 1.000e+00 3.000e+00 1.800e+01]
 [3.000e+02 7.680e+02 1.200e+04 6.000e+00 6.000e+00 2.400e+01 5.000e+01]
 [3.200e+02 1.280e+02 6.000e+03 0.000e+00 1.000e+00 1.200e+01 2.300e+01]
 [1.800e+02 2.000e+03 1.600e+04 1.600e+01 1.000e+00 6.000e+00 6.600e+01]
 [7.000e+01 4.000e+03 1.200e+04 8.000e+00 6.000e+00 8.000e+00 7.500e+01]
 [1.850e+02 2.000e+03 1.600e+04 1.600e+01 1.000e+00 6.000e+00 7.600e+01]
 [1.400e+02 2.000e+03 4.000e+03 0.000e+00 4.000e+00 8.000e+00 4.000e+01]
 [7.500e+01 2.000e+03 8.000e+03 8.000e+00 3.000e+00 2.400e+01 6.200e+01]
 [2.500e+02 5.120e+02 4.000e+03 0.000e+00 4.000e+00 7.000e+00 5.000e+01]
 [2.600e+01 8.000e+03 1.600e+04 0.000e+00 8.000e+00 1.600e+01 1.850e+02]]

result of iteration 2
6823.707317073171

train_data, group  3 length:  164
[[1.40e+02 2.00e+03 3.20e+04 ... 1.00e+00 5.40e+01 1.89e+02]
 [3.80e+01 8.00e+03 3.20e+04 ... 8.00e+00 2.40e+01 3.26e+02]
 [1.10e+03 5.12e+02 1.50e+03 ... 1.00e+00 1.00e+00 7.00e+00]
 ...
 [1.70e+01 4.00e+03 1.60e+04 ... 6.00e+00 1.20e+01 1.33e+02]
 [1.33e+02 1.00e+03 1.20e+04 ... 3.00e+00 1.20e+01 7.20e+01]
 [1.60e+02 5.12e+02 2.00e+03 ... 3.00e+00 8.00e+00 3.20e+01]]
KNN train data length 164
test_data, group  3 length: 41
[[5.600e+01 4.000e+03 1.600e+04 0.000e+00 1.000e+00 8.000e+00 4.600e+01]
 [1.000e+02 1.000e+03 8.000e+03 2.400e+01 2.000e+00 6.000e+00 2.600e+01]
 [1.800e+02 2.000e+03 8.000e+03 8.000e+00 1.000e+00 6.000e+00 5.000e+01]
 [1.100e+02 1.000e+03 4.000e+03 1.600e+01 1.000e+00 2.000e+00 2.600e+01]
 [8.000e+02 2.560e+02 8.000e+03 0.000e+00 1.000e+00 4.000e+00 1.400e+01]
 [1.400e+02 2.000e+03 3.200e+04 3.200e+01 1.000e+00 2.000e+01 1.340e+02]
 [2.900e+01 8.000e+03 3.200e+04 3.200e+01 8.000e+00 3.200e+01 1.720e+02]
 [5.000e+01 8.000e+03 1.600e+04 4.800e+01 1.000e+00 1.000e+01 1.360e+02]
 [1.250e+02 5.120e+02 1.000e+03 0.000e+00 8.000e+00 2.000e+01 3.600e+01]
 [3.000e+02 7.680e+02 3.000e+03 6.000e+00 6.000e+00 2.400e+01 4.400e+01]
 [1.050e+02 2.000e+03 4.000e+03 8.000e+00 3.000e+00 8.000e+00 2.200e+01]
 [1.600e+02 1.000e+03 4.000e+03 8.000e+00 1.000e+00 1.400e+01 3.800e+01]
 [5.000e+01 2.000e+03 3.200e+04 2.400e+01 6.000e+00 2.600e+01 1.140e+02]
 [8.000e+02 2.560e+02 8.000e+03 0.000e+00 1.000e+00 4.000e+00 2.000e+01]
 [1.100e+03 7.680e+02 2.000e+03 0.000e+00 1.000e+00 1.000e+00 1.300e+01]
 [1.330e+02 1.000e+03 8.000e+03 9.000e+00 3.000e+00 1.200e+01 7.200e+01]
 [5.000e+01 2.620e+03 1.048e+04 3.000e+01 1.200e+01 2.400e+01 6.300e+01]
 [4.800e+01 4.000e+03 2.400e+04 3.200e+01 8.000e+00 2.400e+01 2.140e+02]
 [3.800e+01 4.000e+03 1.600e+04 1.280e+02 1.600e+01 3.200e+01 2.120e+02]
 [1.430e+02 1.000e+03 2.000e+03 0.000e+00 5.000e+00 1.600e+01 3.100e+01]
 [2.250e+02 1.000e+03 4.000e+03 2.000e+00 3.000e+00 6.000e+00 2.400e+01]
 [3.800e+01 8.000e+03 1.600e+04 6.400e+01 4.000e+00 8.000e+00 1.000e+02]
 [1.050e+02 2.000e+03 6.000e+03 1.600e+01 6.000e+00 1.600e+01 3.300e+01]
 [3.000e+01 8.000e+03 6.400e+04 9.600e+01 1.200e+01 1.760e+02 9.150e+02]
 [1.400e+02 2.000e+03 4.000e+03 8.000e+00 1.000e+00 2.000e+01 3.500e+01]
 [8.000e+02 2.560e+02 8.000e+03 0.000e+00 1.000e+00 4.000e+00 1.600e+01]
 [5.000e+01 2.000e+03 8.000e+03 8.000e+00 3.000e+00 6.000e+00 4.500e+01]
 [3.000e+02 3.840e+02 1.200e+04 6.000e+00 1.000e+00 2.400e+01 5.300e+01]
 [4.800e+02 5.120e+02 8.000e+03 3.200e+01 0.000e+00 0.000e+00 6.700e+01]
 [9.000e+02 1.000e+03 1.000e+03 0.000e+00 1.000e+00 2.000e+00 1.100e+01]
 [7.500e+01 2.000e+03 8.000e+03 6.400e+01 1.000e+00 3.800e+01 1.440e+02]
 [3.200e+02 2.560e+02 6.000e+03 0.000e+00 1.000e+00 6.000e+00 3.300e+01]
 [8.000e+02 7.680e+02 2.000e+03 0.000e+00 0.000e+00 0.000e+00 2.000e+01]
 [5.000e+01 2.000e+03 3.200e+04 1.120e+02 5.200e+01 1.040e+02 3.070e+02]
 [2.500e+01 1.310e+03 2.620e+03 1.310e+02 1.200e+01 2.400e+01 3.680e+02]
 [5.700e+01 4.000e+03 2.400e+04 6.400e+01 1.200e+01 1.600e+01 2.370e+02]
 [1.400e+02 2.000e+03 8.000e+03 3.200e+01 1.000e+00 5.400e+01 6.600e+01]
 [9.000e+02 1.000e+03 4.000e+03 8.000e+00 1.000e+00 2.000e+00 2.200e+01]
 [4.000e+02 1.000e+03 3.000e+03 0.000e+00 1.000e+00 2.000e+00 3.800e+01]
 [2.400e+02 5.120e+02 1.000e+03 8.000e+00 1.000e+00 3.000e+00 6.000e+00]
 [7.500e+01 4.000e+03 1.600e+04 1.600e+01 1.000e+00 6.000e+00 6.600e+01]]

result of iteration 3
3890.0

train_data, group  4 length:  164
[[1.40e+02 2.00e+03 3.20e+04 ... 1.00e+00 5.40e+01 1.89e+02]
 [3.80e+01 8.00e+03 3.20e+04 ... 8.00e+00 2.40e+01 3.26e+02]
 [1.10e+03 5.12e+02 1.50e+03 ... 1.00e+00 1.00e+00 7.00e+00]
 ...
 [4.00e+02 1.00e+03 3.00e+03 ... 1.00e+00 2.00e+00 3.80e+01]
 [2.40e+02 5.12e+02 1.00e+03 ... 1.00e+00 3.00e+00 6.00e+00]
 [7.50e+01 4.00e+03 1.60e+04 ... 1.00e+00 6.00e+00 6.60e+01]]
KNN train data length 164
test_data, group  4 length: 41
[[1.80e+02 2.62e+02 4.00e+03 0.00e+00 1.00e+00 3.00e+00 1.20e+01]
 [3.00e+02 1.92e+02 7.68e+02 6.00e+00 6.00e+00 2.40e+01 3.60e+01]
 [3.30e+02 1.00e+03 2.00e+03 0.00e+00 1.00e+00 2.00e+00 1.60e+01]
 [1.43e+02 3.10e+03 6.20e+03 0.00e+00 5.00e+00 2.00e+01 3.30e+01]
 [5.00e+01 2.00e+03 4.00e+03 0.00e+00 3.00e+00 6.00e+00 2.70e+01]
 [9.20e+01 2.00e+03 8.00e+03 3.20e+01 1.00e+00 6.00e+00 6.20e+01]
 [1.50e+03 7.68e+02 2.00e+03 0.00e+00 0.00e+00 0.00e+00 1.80e+01]
 [2.60e+01 8.00e+03 3.20e+04 6.40e+01 1.20e+01 1.60e+01 2.48e+02]
 [9.00e+02 5.12e+02 1.00e+03 0.00e+00 1.00e+00 2.00e+00 1.10e+01]
 [5.00e+01 2.00e+03 1.60e+04 1.20e+01 3.00e+00 1.60e+01 4.50e+01]
 [1.15e+02 5.12e+02 6.00e+03 1.60e+01 1.00e+00 6.00e+00 4.50e+01]
 [4.00e+02 2.00e+03 4.00e+03 0.00e+00 1.00e+00 1.00e+00 3.20e+01]
 [5.00e+01 4.00e+03 3.20e+04 1.12e+02 5.20e+01 1.04e+02 3.97e+02]
 [1.43e+02 5.12e+02 5.00e+03 0.00e+00 7.00e+00 3.20e+01 2.80e+01]
 [2.90e+01 8.00e+03 3.20e+04 3.20e+01 8.00e+00 3.20e+01 2.20e+02]
 [8.40e+01 1.00e+03 2.00e+03 0.00e+00 1.00e+00 6.00e+00 1.20e+01]
 [3.30e+02 1.00e+03 4.00e+03 0.00e+00 3.00e+00 6.00e+00 2.20e+01]
 [3.20e+02 5.12e+02 8.00e+03 4.00e+00 1.00e+00 5.00e+00 4.00e+01]
 [5.20e+01 4.00e+03 1.60e+04 3.20e+01 4.00e+00 1.20e+01 1.30e+02]
 [5.00e+01 2.00e+03 1.60e+04 2.40e+01 6.00e+00 1.60e+01 5.40e+01]
 [1.05e+02 1.00e+03 4.00e+03 0.00e+00 3.00e+00 2.40e+01 3.20e+01]
 [1.12e+02 1.00e+03 1.00e+03 0.00e+00 1.00e+00 4.00e+00 8.00e+00]
 [6.00e+02 7.68e+02 2.00e+03 0.00e+00 1.00e+00 1.00e+00 1.60e+01]
 [1.25e+02 2.00e+03 8.00e+03 0.00e+00 2.00e+00 1.40e+01 5.20e+01]
 [1.50e+02 5.12e+02 4.00e+03 0.00e+00 8.00e+00 1.28e+02 3.00e+01]
 [2.60e+01 8.00e+03 3.20e+04 1.28e+02 2.40e+01 3.20e+01 4.05e+02]
 [7.50e+01 2.00e+03 1.60e+04 6.40e+01 1.00e+00 3.80e+01 1.44e+02]
 [5.00e+01 2.00e+03 1.60e+04 8.00e+00 3.00e+00 5.00e+00 4.00e+01]
 [1.43e+02 2.30e+03 6.20e+03 0.00e+00 6.00e+00 6.40e+01 6.10e+01]
 [1.80e+02 7.68e+02 1.20e+04 6.00e+00 1.00e+00 3.10e+01 8.40e+01]
 [6.00e+01 2.00e+03 8.00e+03 6.50e+01 1.00e+00 8.00e+00 9.20e+01]
 [5.00e+01 2.00e+03 1.60e+04 8.00e+00 3.00e+00 6.00e+00 5.20e+01]
 [8.10e+02 1.00e+03 5.00e+03 0.00e+00 1.00e+00 1.00e+00 2.00e+01]
 [1.40e+02 2.00e+03 4.00e+03 0.00e+00 3.00e+00 6.00e+00 2.90e+01]
 [7.50e+01 3.00e+03 8.00e+03 8.00e+00 3.00e+00 4.80e+01 6.40e+01]
 [5.90e+01 4.00e+03 1.20e+04 3.20e+01 6.00e+00 1.20e+01 1.13e+02]
 [5.00e+01 1.00e+03 4.00e+03 8.00e+00 1.00e+00 5.00e+00 2.90e+01]
 [2.50e+01 2.00e+03 1.20e+04 8.00e+00 1.00e+00 4.00e+00 4.90e+01]
 [1.70e+01 4.00e+03 1.60e+04 3.20e+01 6.00e+00 1.20e+01 1.33e+02]
 [1.33e+02 1.00e+03 1.20e+04 9.00e+00 3.00e+00 1.20e+01 7.20e+01]
 [1.60e+02 5.12e+02 2.00e+03 2.00e+00 3.00e+00 8.00e+00 3.20e+01]]

result of iteration 4
1428.7560975609756


final average result:
3180.570731707317

Average Mean Squared Error:
3180.570731707317
