train_data, group  0 length:  164
[[0.07282535 0.00601202 0.09284284 ... 0.30769231 0.72727273 0.16783217]
 [0.73027647 0.01402806 0.02245996 ... 0.01923077 0.00568182 0.00087413]
 [0.02225219 0.06062124 0.24924925 ... 0.05769231 0.03409091 0.04020979]
 ...
 [0.15037087 0.01402806 0.01463964 ... 0.01923077 0.01704545 0.        ]
 [0.09642616 0.01402806 0.03028028 ... 0.05769231 0.04545455 0.02272727]
 [0.03910991 0.12324649 0.24924925 ... 0.01923077 0.03409091 0.05244755]]
KNN train data length 164
test_data, group  0 length: 41
[[0.02899528 0.12324649 0.24924925 0.25       0.09615385 0.04545455
  0.07604895]
 [0.31220499 0.001002   0.00700701 0.         0.01923077 0.00568182
  0.        ]
 [0.02697235 0.12324649 0.37437437 0.25       0.23076923 0.09090909
  0.20192308]
 [0.02225219 0.08003507 0.16291291 0.1171875  0.23076923 0.13636364
  0.02272727]
 [0.02629804 0.12324649 0.24924925 0.         0.01923077 0.04545455
  0.03496503]
 [0.02225219 0.06062124 0.12412412 0.03125    0.01923077 0.02840909
  0.05681818]
 [0.12339852 0.02930862 0.06156156 0.         0.01923077 0.02272727
  0.02097902]
 [0.06675657 0.06062124 0.12412412 0.125      0.09615385 0.15909091
  0.05594406]
 [0.52798382 0.02204409 0.03028028 0.         0.         0.
  0.01223776]
 [0.10991234 0.06062124 0.12412412 0.03125    0.01923077 0.03409091
  0.03846154]
 [0.12339852 0.02930862 0.03028028 0.         0.01923077 0.01136364
  0.01660839]
 [0.31220499 0.02930862 0.06156156 0.         0.         0.
  0.03409091]
 [0.02629804 0.16207415 0.32698323 0.1171875  0.23076923 0.13636364
  0.08741259]
 [0.08496291 0.09506513 0.09597097 0.         0.09615385 0.11363636
  0.0236014 ]
 [0.1908294  0.01002004 0.18668669 0.0234375  0.01923077 0.13636364
  0.04108392]
 [0.11328388 0.06062124 0.24924925 0.0625     0.01923077 0.03409091
  0.06118881]
 [0.08293999 0.06062124 0.06156156 0.03125    0.01923077 0.11363636
  0.01398601]
 [0.01416049 0.498998   0.4994995  0.5        0.30769231 0.18181818
  0.44055944]
 [0.08293999 0.06062124 0.12412412 0.125      0.01923077 0.30681818
  0.05244755]
 [0.00876601 0.498998   0.4994995  1.         0.30769231 0.13636364
  0.44055944]
 [0.         0.12324649 0.24924925 0.125      0.11538462 0.06818182
  0.11101399]
 [0.01416049 0.12324649 0.12412412 0.125      0.30769231 0.18181818
  0.09615385]
 [0.03573837 0.12324649 0.18668669 0.03125    0.11538462 0.04545455
  0.06031469]
 [0.05057316 0.06062124 0.12412412 0.015625   0.01923077 0.03409091
  0.03846154]
 [0.1908294  0.02204409 0.18668669 0.0234375  0.11538462 0.13636364
  0.03846154]
 [0.00539447 0.03901553 0.03997748 0.51171875 0.23076923 0.13636364
  0.31643357]
 [0.10991234 0.01402806 0.06156156 0.         0.01923077 0.01704545
  0.01311189]
 [0.06271072 0.02930862 0.18668669 0.0625     0.01923077 0.01136364
  0.0472028 ]
 [0.02629804 0.12324649 0.18668669 0.         0.01923077 0.04545455
  0.03146853]
 [0.00809171 0.24849699 0.4994995  0.125      0.15384615 0.18181818
  0.2298951 ]
 [0.04922454 0.00601202 0.01463964 0.         0.05769231 0.05681818
  0.00961538]
 [0.25826028 0.02930862 0.04592092 0.         0.01923077 0.01136364
  0.02797203]
 [0.09642616 0.01402806 0.06156156 0.0078125  0.01923077 0.02840909
  0.02097902]
 [0.06405934 0.02930862 0.01463964 0.         0.01923077 0.02272727
  0.00174825]
 [0.07821982 0.02930862 0.18668669 0.03515625 0.05769231 0.06818182
  0.05769231]
 [0.00606878 0.24849699 0.24924925 0.         0.15384615 0.09090909
  0.15646853]
 [0.10114633 0.01440381 0.03028028 0.03125    0.07692308 0.08522727
  0.01136364]
 [0.0155091  0.24849699 0.24924925 0.125      0.15384615 0.09090909
  0.18181818]
 [0.08293999 0.06062124 0.4994995  0.125      0.01923077 0.30681818
  0.15996503]
 [0.21105866 0.02930862 0.03028028 0.         0.01923077 0.01136364
  0.00874126]
 [0.02225219 0.02930862 0.12412412 0.03125    0.05769231 0.02840909
  0.02622378]]

result of iteration 0
0.0016009735403603735

train_data, group  1 length:  164
[[0.02899528 0.12324649 0.24924925 ... 0.09615385 0.04545455 0.07604895]
 [0.31220499 0.001002   0.00700701 ... 0.01923077 0.00568182 0.        ]
 [0.02697235 0.12324649 0.37437437 ... 0.23076923 0.09090909 0.20192308]
 ...
 [0.15037087 0.01402806 0.01463964 ... 0.01923077 0.01704545 0.        ]
 [0.09642616 0.01402806 0.03028028 ... 0.05769231 0.04545455 0.02272727]
 [0.03910991 0.12324649 0.24924925 ... 0.01923077 0.03409091 0.05244755]]
KNN train data length 164
test_data, group  1 length: 41
[[7.28253540e-02 6.01202405e-03 9.28428428e-02 1.00000000e+00
  3.07692308e-01 7.27272727e-01 1.67832168e-01]
 [7.30276467e-01 1.40280561e-02 2.24599600e-02 0.00000000e+00
  1.92307692e-02 5.68181818e-03 8.74125874e-04]
 [2.22521915e-02 6.06212425e-02 2.49249249e-01 3.12500000e-02
  5.76923077e-02 3.40909091e-02 4.02097902e-02]
 [2.22521915e-02 2.93086172e-02 6.15615616e-02 3.12500000e-02
  5.76923077e-02 2.84090909e-02 1.74825175e-02]
 [4.04585300e-03 1.00000000e+00 1.00000000e+00 5.00000000e-01
  6.15384615e-01 3.63636364e-01 9.94755245e-01]
 [2.83209710e-02 2.48496994e-01 2.49249249e-01 2.50000000e-01
  2.30769231e-01 1.36363636e-01 1.59090909e-01]
 [9.64261632e-02 6.06212425e-02 1.24124124e-01 1.25000000e-01
  1.92307692e-02 7.38636364e-02 9.00349650e-02]
 [8.09170600e-03 2.48496994e-01 4.99499499e-01 1.25000000e-01
  1.53846154e-01 1.81818182e-01 1.45104895e-01]
 [1.40256237e-01 6.06212425e-02 6.15615616e-02 3.12500000e-02
  5.76923077e-02 3.40909091e-02 2.97202797e-02]
 [1.90829400e-01 4.00801603e-03 1.10110110e-02 2.34375000e-02
  1.15384615e-01 1.36363636e-01 2.62237762e-02]
 [8.29399865e-02 6.06212425e-02 6.15615616e-02 0.00000000e+00
  7.69230769e-02 4.54545455e-02 2.97202797e-02]
 [5.34726905e-01 2.93086172e-02 7.72022022e-02 0.00000000e+00
  1.92307692e-02 5.68181818e-03 1.22377622e-02]
 [8.09170600e-03 2.48496994e-01 4.99499499e-01 1.25000000e-01
  1.53846154e-01 1.81818182e-01 1.87062937e-01]
 [5.05731625e-02 6.06212425e-02 1.24124124e-01 1.25000000e-01
  1.92307692e-02 3.40909091e-02 4.89510490e-02]
 [2.22521915e-02 6.06212425e-02 4.99499499e-01 9.37500000e-02
  1.15384615e-01 1.47727273e-01 9.44055944e-02]
 [5.93391773e-02 6.06212425e-02 6.15615616e-02 3.12500000e-02
  5.76923077e-02 4.54545455e-02 1.39860140e-02]
 [2.22521915e-02 6.06212425e-02 2.49249249e-01 9.37500000e-02
  1.92307692e-02 3.40909091e-02 5.59440559e-02]
 [5.34726905e-01 1.40280561e-02 7.00700701e-03 3.12500000e-02
  1.92307692e-02 5.68181818e-03 1.04895105e-02]
 [5.46190155e-02 2.93086172e-02 1.24124124e-01 1.25000000e-01
  3.84615385e-02 4.54545455e-02 3.49650350e-02]
 [5.59676332e-02 2.93086172e-02 1.24124124e-01 0.00000000e+00
  3.84615385e-02 3.40909091e-02 8.74125874e-03]
 [1.41604855e-02 2.48496994e-01 4.99499499e-01 2.50000000e-01
  1.53846154e-01 1.36363636e-01 2.79720280e-01]
 [1.40256237e-01 6.06212425e-02 6.15615616e-02 3.12500000e-02
  5.76923077e-02 3.40909091e-02 2.44755245e-02]
 [7.82198247e-02 2.93086172e-02 1.24124124e-01 3.51562500e-02
  5.76923077e-02 6.81818182e-02 5.76923077e-02]
 [2.58260283e-01 6.06212425e-02 6.15615616e-02 0.00000000e+00
  1.92307692e-02 5.68181818e-03 2.27272727e-02]
 [1.36884693e-01 2.93086172e-02 1.24124124e-01 6.25000000e-02
  1.92307692e-02 1.13636364e-02 5.68181818e-02]
 [5.27983817e-01 6.01202405e-03 1.24124124e-01 0.00000000e+00
  1.92307692e-02 2.27272727e-02 5.24475524e-03]
 [1.90829400e-01 2.20440882e-02 6.93818819e-02 0.00000000e+00
  1.92307692e-02 1.36363636e-01 3.40909091e-02]
 [5.05731625e-02 6.06212425e-02 1.24124124e-01 1.25000000e-01
  1.92307692e-02 3.40909091e-02 4.72027972e-02]
 [1.90829400e-01 2.93086172e-02 6.15615616e-02 3.12500000e-02
  5.76923077e-02 3.63636364e-01 2.79720280e-02]
 [2.22521915e-02 6.06212425e-02 2.49249249e-01 3.12500000e-02
  5.76923077e-02 3.40909091e-02 4.72027972e-02]
 [3.91099123e-02 6.06212425e-02 1.24124124e-01 3.12500000e-02
  5.76923077e-02 1.36363636e-01 4.89510490e-02]
 [1.55091032e-02 2.48496994e-01 4.99499499e-01 2.50000000e-01
  1.53846154e-01 1.36363636e-01 2.36888112e-01]
 [8.29399865e-02 6.06212425e-02 4.99499499e-01 1.25000000e-01
  1.92307692e-02 3.06818182e-01 1.18006993e-01]
 [8.76601483e-03 2.48496994e-01 1.00000000e+00 3.75000000e-01
  2.30769231e-01 1.00000000e+00 7.94580420e-01]
 [8.96830748e-02 1.40280561e-02 6.15615616e-02 0.00000000e+00
  1.53846154e-01 7.27272727e-01 2.09790210e-02]
 [8.49629130e-02 1.40280561e-02 7.72022022e-02 0.00000000e+00
  1.34615385e-01 1.81818182e-01 1.92307692e-02]
 [1.90829400e-01 2.93086172e-02 2.49249249e-01 3.12500000e-02
  3.84615385e-02 6.36363636e-01 2.79720280e-02]
 [4.04585300e-03 4.98997996e-01 4.99499499e-01 2.50000000e-01
  3.07692308e-01 1.81818182e-01 3.15559441e-01]
 [4.04585300e-03 4.98997996e-01 1.00000000e+00 2.50000000e-01
  3.07692308e-01 1.81818182e-01 5.50699301e-01]
 [0.00000000e+00 1.23246493e-01 2.49249249e-01 3.12500000e-02
  1.15384615e-01 6.81818182e-02 8.21678322e-02]
 [6.27107215e-02 2.93086172e-02 6.15615616e-02 6.25000000e-02
  1.92307692e-02 1.13636364e-02 1.74825175e-02]]

result of iteration 1
0.01493639515439362

train_data, group  2 length:  164
[[0.02899528 0.12324649 0.24924925 ... 0.09615385 0.04545455 0.07604895]
 [0.31220499 0.001002   0.00700701 ... 0.01923077 0.00568182 0.        ]
 [0.02697235 0.12324649 0.37437437 ... 0.23076923 0.09090909 0.20192308]
 ...
 [0.15037087 0.01402806 0.01463964 ... 0.01923077 0.01704545 0.        ]
 [0.09642616 0.01402806 0.03028028 ... 0.05769231 0.04545455 0.02272727]
 [0.03910991 0.12324649 0.24924925 ... 0.01923077 0.03409091 0.05244755]]
KNN train data length 164
test_data, group  2 length: 41
[[0.00539447 0.06062124 0.18668669 0.03125    0.01923077 0.02272727
  0.03758741]
 [0.06608227 0.06062124 0.06156156 0.0078125  0.01923077 0.02840909
  0.02972028]
 [0.03169252 0.16207415 0.32698323 0.1171875  0.23076923 0.13636364
  0.17657343]
 [0.25826028 0.12324649 0.12412412 0.         0.01923077 0.00568182
  0.02272727]
 [0.07282535 0.06062124 0.12412412 0.         0.03846154 0.07954545
  0.04020979]
 [0.05933918 0.06062124 0.06156156 0.03125    0.05769231 0.10795455
  0.02272727]
 [0.05933918 0.00601202 0.03028028 0.         0.05769231 0.05681818
  0.01748252]
 [0.00539447 0.03901553 0.03997748 0.51171875 0.23076923 0.13636364
  0.23426573]
 [0.00876601 0.24849699 1.         0.5        0.23076923 1.
  1.        ]
 [0.00606878 0.24849699 0.4994995  0.5        0.46153846 0.18181818
  0.34877622]
 [0.00606878 0.24849699 0.4994995  0.25       0.23076923 0.09090909
  0.21153846]
 [0.02899528 0.12324649 0.24924925 0.125      0.01923077 0.03409091
  0.06993007]
 [0.10991234 0.01402806 0.06156156 0.         0.01923077 0.01704545
  0.00699301]
 [0.20431558 0.01402806 0.0772022  0.015625   0.01923077 0.02840909
  0.06206294]
 [0.02225219 0.24849699 0.24924925 0.1875     0.01923077 0.05681818
  0.11363636]
 [0.1065408  0.00601202 0.03028028 0.         0.05769231 0.13636364
  0.01398601]
 [0.00606878 0.498998   0.4994995  0.25       0.15384615 0.13636364
  0.40122378]
 [0.03910991 0.09193387 0.12412412 0.03125    0.05769231 0.27272727
  0.0506993 ]
 [0.02899528 0.06062124 0.12412412 0.25390625 0.01923077 0.04545455
  0.07517483]
 [0.08293999 0.06062124 0.4994995  0.125      0.01923077 0.11363636
  0.11188811]
 [0.5954147  0.06062124 0.06156156 0.         0.05769231 0.03409091
  0.0270979 ]
 [0.08496291 0.02930862 0.03028028 0.         0.09615385 0.09090909
  0.02185315]
 [0.52798382 0.00601202 0.12412412 0.         0.01923077 0.02272727
  0.01223776]
 [0.02225219 0.12324649 0.4994995  0.4375     1.         0.59090909
  0.34178322]
 [0.08293999 0.02930862 0.24924925 0.0625     0.01923077 0.01704545
  0.11538462]
 [0.20431558 0.01402806 0.12412412 0.015625   0.01923077 0.02840909
  0.02972028]
 [0.15711396 0.02930862 0.24924925 0.00390625 0.01923077 0.04545455
  0.03846154]
 [0.12339852 0.06062124 0.12412412 0.25       0.01923077 0.02840909
  0.03059441]
 [0.02090357 0.12324649 0.37437437 0.125      0.15384615 0.13636364
  0.18181818]
 [0.1908294  0.02204409 0.04592092 0.         0.11538462 0.13636364
  0.02622378]
 [0.03708699 0.12324649 0.24924925 0.25       0.15384615 0.09090909
  0.11975524]
 [0.02225219 0.06062124 0.4994995  0.4375     1.         0.59090909
  0.26311189]
 [0.02225219 0.08003507 0.16291291 0.1171875  0.23076923 0.13636364
  0.04982517]
 [0.08293999 0.06062124 0.06156156 0.         0.05769231 0.03409091
  0.0201049 ]
 [0.20431558 0.00601202 0.04592092 0.015625   0.01923077 0.01704545
  0.01835664]
 [0.03910991 0.06062124 0.12412412 0.25       0.01923077 0.21590909
  0.12062937]
 [0.15711396 0.01402806 0.06156156 0.         0.01923077 0.03977273
  0.01660839]
 [0.21105866 0.02930862 0.06156156 0.         0.05769231 0.03409091
  0.01398601]
 [0.12339852 0.01402806 0.24924925 0.         0.07692308 0.18181818
  0.02534965]
 [0.00539447 0.06062124 0.18668669 0.0625     0.05769231 0.02840909
  0.05244755]
 [0.00809171 0.24849699 0.24924925 0.125      0.15384615 0.09090909
  0.11013986]]

result of iteration 2
0.010744985442665812

train_data, group  3 length:  164
[[0.02899528 0.12324649 0.24924925 ... 0.09615385 0.04545455 0.07604895]
 [0.31220499 0.001002   0.00700701 ... 0.01923077 0.00568182 0.        ]
 [0.02697235 0.12324649 0.37437437 ... 0.23076923 0.09090909 0.20192308]
 ...
 [0.15037087 0.01402806 0.01463964 ... 0.01923077 0.01704545 0.        ]
 [0.09642616 0.01402806 0.03028028 ... 0.05769231 0.04545455 0.02272727]
 [0.03910991 0.12324649 0.24924925 ... 0.01923077 0.03409091 0.05244755]]
KNN train data length 164
test_data, group  3 length: 41
[[0.5954147  0.01402806 0.01463964 0.         0.01923077 0.01136364
  0.00437063]
 [0.5954147  0.02930862 0.01463964 0.         0.01923077 0.01136364
  0.00437063]
 [0.02629804 0.06062124 0.09284284 0.         0.01923077 0.04545455
  0.01311189]
 [0.20431558 0.00200401 0.09284284 0.         0.01923077 0.06818182
  0.01486014]
 [0.20431558 0.00601202 0.0772022  0.015625   0.01923077 0.03409091
  0.01835664]
 [0.10991234 0.0061999  0.06156156 0.         0.01923077 0.01704545
  0.00524476]
 [0.02225219 0.06062124 0.24924925 0.046875   0.05769231 0.09090909
  0.03409091]
 [0.25826028 0.01402806 0.05374124 0.015625   0.01923077 0.03409091
  0.02972028]
 [0.15711396 0.01402806 0.06156156 0.         0.07692308 0.03977273
  0.03846154]
 [0.14025624 0.02930862 0.06156156 0.0078125  0.05769231 0.03409091
  0.01573427]
 [0.01416049 0.12324649 0.12412412 0.125      0.30769231 0.18181818
  0.03933566]
 [0.73027647 0.02204409 0.03028028 0.         0.01923077 0.00568182
  0.00611888]
 [0.39312205 0.02204409 0.03028028 0.         0.01923077 0.00568182
  0.00874126]
 [0.00606878 0.24849699 0.4994995  0.25       0.15384615 0.18181818
  0.27272727]
 [0.02225219 0.06062124 0.4994995  0.1875     0.5        0.29545455
  0.17657343]
 [0.5954147  0.02930862 0.06156156 0.015625   0.01923077 0.01136364
  0.01048951]
 [0.02629804 0.02930862 0.06156156 0.         0.01923077 0.03409091
  0.00961538]
 [0.46055293 0.01002004 0.12412412 0.         0.01923077 0.00568182
  0.01573427]
 [0.01213756 0.24849699 0.4994995  0.25       0.15384615 0.13636364
  0.31818182]
 [0.05933918 0.06062124 0.09284284 0.0625     0.11538462 0.09090909
  0.0236014 ]
 [0.1908294  0.02204409 0.04592092 0.0234375  0.11538462 0.13636364
  0.03321678]
 [1.         0.02204409 0.03028028 0.         0.         0.
  0.01048951]
 [0.20431558 0.00601202 0.09284284 0.         0.01923077 0.03409091
  0.0236014 ]
 [0.05596763 0.02930862 0.12412412 0.09375    0.03846154 0.03409091
  0.01748252]
 [0.02697235 0.12324649 0.24924925 0.00390625 0.11538462 0.06818182
  0.11013986]
 [0.00606878 0.498998   0.4994995  0.25       0.30769231 0.13636364
  0.40122378]
 [0.02225219 0.02930862 0.06156156 0.03125    0.01923077 0.02840909
  0.0201049 ]
 [0.02629804 0.12324649 0.12412412 0.         0.01923077 0.04545455
  0.02447552]
 [0.06608227 0.06062124 0.12412412 0.0625     0.01923077 0.01704545
  0.03846154]
 [0.02899528 0.06062124 0.24924925 0.25       0.09615385 0.04545455
  0.05944056]
 [0.10991234 0.06062124 0.24924925 0.0625     0.01923077 0.03409091
  0.05244755]
 [0.02225219 0.06062124 0.24924925 0.03125    0.05769231 0.02840909
  0.02972028]
 [0.04517869 0.02930862 0.03028028 0.         0.01923077 0.03409091
  0.00524476]
 [0.20431558 0.01402806 0.03028028 0.015625   0.01923077 0.01704545
  0.05506993]
 [0.02225219 0.06062124 0.12412412 0.03125    0.01923077 0.03409091
  0.04370629]
 [0.02832097 0.12324649 0.18668669 0.125      0.11538462 0.06818182
  0.09353147]
 [0.02225219 0.12324649 0.24924925 0.25       0.09615385 0.05681818
  0.09178322]
 [0.21105866 0.02930862 0.04592092 0.         0.03846154 0.02272727
  0.00874126]
 [0.06608227 0.01402806 0.09284284 0.0625     0.01923077 0.03409091
  0.03409091]
 [0.02225219 0.06062124 0.24924925 0.09375    0.11538462 0.09090909
  0.04195804]
 [0.15037087 0.01402806 0.03028028 0.03125    0.01923077 0.02840909
  0.00437063]]

result of iteration 3
0.0007490914338944356

train_data, group  4 length:  164
[[0.02899528 0.12324649 0.24924925 ... 0.09615385 0.04545455 0.07604895]
 [0.31220499 0.001002   0.00700701 ... 0.01923077 0.00568182 0.        ]
 [0.02697235 0.12324649 0.37437437 ... 0.23076923 0.09090909 0.20192308]
 ...
 [0.06608227 0.01402806 0.09284284 ... 0.01923077 0.03409091 0.03409091]
 [0.02225219 0.06062124 0.24924925 ... 0.11538462 0.09090909 0.04195804]
 [0.15037087 0.01402806 0.03028028 ... 0.01923077 0.02840909 0.00437063]]
KNN train data length 164
test_data, group  4 length: 41
[[0.05933918 0.02930862 0.06156156 0.         0.05769231 0.13636364
  0.02272727]
 [0.00404585 0.498998   0.4994995  0.25       0.30769231 0.18181818
  0.4222028 ]
 [0.02360081 0.12324649 0.24924925 0.125      0.07692308 0.06818182
  0.10839161]
 [0.10991234 0.0061999  0.06156156 0.         0.01923077 0.01704545
  0.01048951]
 [0.09642616 0.02930862 0.12412412 0.0625     0.01923077 0.07954545
  0.0472028 ]
 [0.01416049 0.24849699 0.24924925 0.25       0.07692308 0.04545455
  0.08216783]
 [1.         0.02204409 0.01463964 0.         0.         0.
  0.00524476]
 [0.03708699 0.06062124 0.12412412 0.0625     0.11538462 0.04545455
  0.08653846]
 [0.12339852 0.02930862 0.12412412 0.         0.01923077 0.01136364
  0.02622378]
 [0.10991234 0.02204409 0.18668669 0.0234375  0.01923077 0.17613636
  0.06818182]
 [0.22454484 0.         0.         0.         0.01923077 0.02272727
  0.0034965 ]
 [0.00606878 0.24849699 0.37437437 0.125      0.15384615 0.09090909
  0.14597902]
 [0.02225219 0.06062124 0.24924925 0.09375    0.01923077 0.03409091
  0.06468531]
 [0.03910991 0.06062124 0.24924925 0.5        0.01923077 0.21590909
  0.22115385]
 [0.02225219 0.06062124 0.24924925 0.09375    0.11538462 0.09090909
  0.05157343]
 [0.05596763 0.02930862 0.12412412 0.09375    0.05769231 0.03409091
  0.02272727]
 [0.07215105 0.02930862 0.12412412 0.         0.01923077 0.04545455
  0.03146853]
 [0.52798382 0.00601202 0.12412412 0.         0.01923077 0.02272727
  0.00699301]
 [0.07282535 0.01402806 0.01463964 0.         0.15384615 0.11363636
  0.02622378]
 [0.06271072 0.09506513 0.09597097 0.         0.11538462 0.36363636
  0.06118881]
 [0.08293999 0.06062124 0.06156156 0.03125    0.01923077 0.11363636
  0.02534965]
 [0.05933918 0.06062124 0.12412412 0.0625     0.07692308 0.07954545
  0.04545455]
 [0.02629804 0.06062124 0.12412412 0.         0.01923077 0.04545455
  0.01573427]
 [0.52798382 0.00601202 0.12412412 0.         0.01923077 0.02272727
  0.00874126]
 [0.08496291 0.07001503 0.09597097 0.         0.11538462 0.36363636
  0.04807692]
 [0.01416049 0.24849699 0.37437437 0.625      0.07692308 0.04545455
  0.11713287]
 [0.12542144 0.02930862 0.03028028 0.         0.01923077 0.02840909
  0.01573427]
 [0.52798382 0.00601202 0.12412412 0.         0.01923077 0.02272727
  0.01398601]
 [0.08496291 0.04496493 0.09753504 0.         0.09615385 0.18181818
  0.02097902]
 [0.31220499 0.01402806 0.12412412 0.125      0.         0.
  0.05332168]
 [0.01416049 0.12324649 0.24924925 0.5        0.30769231 0.18181818
  0.18006993]
 [0.02225219 0.06062124 0.06156156 0.         0.05769231 0.03409091
  0.01835664]
 [0.03910991 0.06062124 0.24924925 0.25       0.01923077 0.21590909
  0.12062937]
 [0.02225219 0.0136523  0.03028028 0.03125    0.01923077 0.02272727
  0.01223776]
 [0.02225219 0.12324649 0.24924925 0.25390625 0.01923077 0.04545455
  0.11538462]
 [0.46055293 0.00601202 0.03028028 0.         0.01923077 0.00568182
  0.01573427]
 [0.00606878 0.24849699 0.4994995  0.         0.15384615 0.13636364
  0.23688811]
 [0.5954147  0.02930862 0.06156156 0.03125    0.01923077 0.01136364
  0.01398601]
 [0.15037087 0.01402806 0.01463964 0.03125    0.01923077 0.01704545
  0.        ]
 [0.09642616 0.01402806 0.03028028 0.0078125  0.05769231 0.04545455
  0.02272727]
 [0.03910991 0.12324649 0.24924925 0.0625     0.01923077 0.03409091
  0.05244755]]

result of iteration 4
0.0012006334318930261


final average result:
0.005846415800641454

Average Mean Squared Error:
0.005846415800641454
