9.500000000000000000e+01,5.700000000000000000e+01,9.000000000000000000e+00,0.000000000000000000e+00,0.000000000000000000e+00,1.833332699999999926e+00,3.411110600000000215e+00,2.111110699999999785e+00,1.718517499999999920e+00,2.629629699999999914e+01,2.466666599999999931e+01,3.444444699999999671e+01,1.977777899999999889e+01,-4.888888999999999818e+00,2.444444500000000176e+01,-1.955555499999999824e+01,3.444444699999999671e+01,4.256909500000000124e-01,-1.739017400000000046e+00,0.000000000000000000e+00
9.600000000000000000e+01,8.400000000000000000e+01,9.000000000000000000e+00,0.000000000000000000e+00,0.000000000000000000e+00,1.500000400000000012e+00,1.277777299999999894e+00,1.611110700000000007e+00,2.285188199999999892e+00,2.385185200000000094e+01,2.355555499999999824e+01,3.000000000000000000e+01,1.800000000000000000e+01,-8.888888999999999818e-01,1.844444500000000176e+01,-1.755555499999999824e+01,3.000000000000000000e+01,3.987910700000000253e-01,-1.598867000000000038e+00,0.000000000000000000e+00
1.380000000000000000e+02,1.160000000000000000e+02,9.000000000000000000e+00,0.000000000000000000e+00,0.000000000000000000e+00,6.111111000000000182e-01,1.518518799999999946e-01,4.444445000000000201e-01,2.074073899999999970e-01,6.481481600000000398e+00,7.555555299999999974e+00,8.222222000000000364e+00,3.666666699999999945e+00,3.222222299999999873e+00,5.222222300000000317e+00,-8.444444999999999979e+00,8.333334000000000685e+00,5.591711000000000320e-01,-1.191070099999999909e+00,0.000000000000000000e+00
8.000000000000000000e+01,1.160000000000000000e+02,9.000000000000000000e+00,0.000000000000000000e+00,0.000000000000000000e+00,1.500000000000000000e+00,1.633332800000000029e+00,1.555555699999999986e+00,8.740740399999999966e-01,2.170370300000000086e+01,2.122222100000000111e+01,2.755555499999999824e+01,1.633333400000000069e+01,-1.444444400000000073e+00,1.755555499999999824e+01,-1.611111000000000004e+01,2.755555499999999824e+01,4.073642199999999991e-01,-1.632242600000000099e+00,0.000000000000000000e+00
1.600000000000000000e+01,1.280000000000000000e+02,9.000000000000000000e+00,0.000000000000000000e+00,0.000000000000000000e+00,5.000000000000000000e-01,7.777776599999999818e-02,6.666667499999999746e-01,3.111111799999999872e-01,5.555555299999999974e+00,6.888888999999999818e+00,6.666666499999999829e+00,3.111111199999999855e+00,4.000000000000000000e+00,3.333333300000000055e+00,-7.333333500000000171e+00,7.111111000000000182e+00,5.615079400000000387e-01,-9.858107600000000081e-01,0.000000000000000000e+00
1.800000000000000000e+01,1.450000000000000000e+02,9.000000000000000000e+00,0.000000000000000000e+00,0.000000000000000000e+00,3.888889600000000057e-01,1.851849599999999887e-02,6.111111000000000182e-01,3.740741000000000205e-01,3.925926000000000027e+00,5.555555299999999974e+00,4.000000000000000000e+00,2.222222299999999873e+00,4.888888999999999818e+00,2.222222199999999981e-01,-5.111111000000000182e+00,5.555555299999999974e+00,6.005291000000000379e-01,-5.709400000000000031e-01,0.000000000000000000e+00
6.000000000000000000e+01,5.200000000000000000e+01,9.000000000000000000e+00,0.000000000000000000e+00,0.000000000000000000e+00,7.222226000000000479e-01,5.963011000000000283e-01,7.777773999999999521e-01,7.407435999999999465e-01,1.116296300000000059e+02,1.010000000000000000e+02,1.292222299999999962e+02,1.046666639999999973e+02,-3.188888999999999996e+01,5.277777999999999992e+01,-2.088888999999999996e+01,1.292222299999999962e+02,2.183793499999999999e-01,-2.229684799999999800e+00,1.000000000000000000e+00
9.200000000000000000e+01,5.600000000000000000e+01,9.000000000000000000e+00,0.000000000000000000e+00,0.000000000000000000e+00,4.444427499999999975e-01,2.962940600000000049e-02,8.333333000000000546e-01,5.666676999999999964e-01,1.260000000000000000e+02,1.158888850000000019e+02,1.406666700000000105e+02,1.214444400000000002e+02,-3.033333400000000069e+01,4.400000000000000000e+01,-1.366666700000000034e+01,1.406666700000000105e+02,1.760605299999999929e-01,-2.326782699999999870e+00,1.000000000000000000e+00
1.430000000000000000e+02,2.400000000000000000e+01,9.000000000000000000e+00,0.000000000000000000e+00,0.000000000000000000e+00,1.277777299999999894e+00,9.074056000000000344e-01,8.888880599999998688e-01,1.140748899999999955e+00,1.276296300000000059e+02,1.176666639999999973e+02,1.416666700000000105e+02,1.235555600000000283e+02,-2.988888999999999996e+01,4.211110999999999649e+01,-1.222222200000000036e+01,1.416666700000000105e+02,1.693969200000000064e-01,-2.349251999999999896e+00,1.000000000000000000e+00
1.650000000000000000e+02,9.900000000000000000e+01,9.000000000000000000e+00,0.000000000000000000e+00,0.000000000000000000e+00,8.888905599999999962e-01,4.740739199999999820e-01,7.777785999999999866e-01,4.740735300000000207e-01,9.340740999999999872e+01,7.900000000000000000e+01,1.180000000000000000e+02,8.322221999999999298e+01,-4.322222000000000008e+01,7.377778000000000702e+01,-3.055555499999999824e+01,1.180000000000000000e+02,3.304175699999999938e-01,-2.207756499999999900e+00,1.000000000000000000e+00
2.100000000000000000e+01,9.000000000000000000e+01,9.000000000000000000e+00,0.000000000000000000e+00,0.000000000000000000e+00,6.666679399999999589e-01,4.444414700000000329e-02,7.777785999999999866e-01,5.629628300000000252e-01,1.134814800000000048e+02,1.058888850000000019e+02,1.285555600000000140e+02,1.060000000000000000e+02,-2.277777899999999889e+01,4.522222000000000008e+01,-2.244444500000000176e+01,1.285555600000000140e+02,1.796972300000000133e-01,-2.097814800000000091e+00,1.000000000000000000e+00
8.000000000000000000e+00,3.900000000000000000e+01,9.000000000000000000e+00,1.111111100000000129e-01,0.000000000000000000e+00,1.388890600000000086e+00,1.129629000000000216e+00,1.833333399999999891e+00,6.999990000000000379e-01,1.133703699999999941e+02,1.025555600000000140e+02,1.320000000000000000e+02,1.055555600000000140e+02,-3.244444299999999970e+01,5.588889000000000351e+01,-2.344444500000000176e+01,1.320000000000000000e+02,2.229535900000000070e-01,-2.198157800000000162e+00,1.000000000000000000e+00
2.260000000000000000e+02,1.100000000000000000e+02,9.000000000000000000e+00,0.000000000000000000e+00,0.000000000000000000e+00,3.333333399999999780e-01,8.888886999999998095e-02,4.999999700000000158e-01,2.111110999999999960e-01,1.666666600000000109e+00,1.111111100000000129e-01,4.444444700000000026e+00,4.444444499999999909e-01,-4.666666499999999829e+00,8.333332999999997881e+00,-3.666666699999999945e+00,4.444444700000000026e+00,9.777778000000000302e-01,-2.155983700000000169e+00,2.000000000000000000e+00
5.900000000000000000e+01,1.200000000000000000e+02,9.000000000000000000e+00,0.000000000000000000e+00,0.000000000000000000e+00,2.166666699999999945e+00,1.986063399999999923e+00,1.444444099999999898e+00,1.869838499999999959e+00,1.907407399999999953e+01,1.055555500000000002e+01,3.311110999999999649e+01,1.355555500000000002e+01,-2.555555499999999824e+01,4.211110999999999649e+01,-1.655555499999999824e+01,3.311110999999999649e+01,6.812664000000000497e-01,-2.231260799999999822e+00,2.000000000000000000e+00
5.800000000000000000e+01,1.090000000000000000e+02,9.000000000000000000e+00,0.000000000000000000e+00,0.000000000000000000e+00,8.888888999999999818e-01,2.518516499999999825e-01,2.833333300000000055e+00,1.677777000000000074e+00,4.296295999999999893e+00,1.444444400000000073e+00,8.444444999999999979e+00,3.000000000000000000e+00,-8.555555000000000021e+00,1.244444500000000353e+01,-3.888888800000000145e+00,8.444444999999999979e+00,8.644823999999999842e-01,-2.283787300000000187e+00,2.000000000000000000e+00
2.100000000000000000e+01,1.220000000000000000e+02,9.000000000000000000e+00,0.000000000000000000e+00,0.000000000000000000e+00,4.444444499999999909e-01,4.036867000000000094e-01,4.444444499999999909e-01,4.036867000000000094e-01,5.555556000000000383e-01,0.000000000000000000e+00,1.222222200000000036e+00,4.444444499999999909e-01,-1.666666600000000109e+00,2.000000000000000000e+00,-3.333333399999999780e-01,1.222222200000000036e+00,5.555556000000000383e-01,-2.444562700000000088e+00,2.000000000000000000e+00
1.400000000000000000e+02,1.240000000000000000e+02,9.000000000000000000e+00,0.000000000000000000e+00,0.000000000000000000e+00,1.000000000000000000e+00,4.444445399999999990e-01,1.111111200000000077e+00,1.051851600000000220e+00,2.518518400000000046e+00,2.222222199999999981e-01,6.111111000000000182e+00,1.222222200000000036e+00,-6.888888999999999818e+00,1.077777799999999964e+01,-3.888888800000000145e+00,6.111111000000000182e+00,9.737654300000000429e-01,-2.267462000000000089e+00,2.000000000000000000e+00
8.000000000000000000e+01,8.700000000000000000e+01,9.000000000000000000e+00,0.000000000000000000e+00,1.111111100000000129e-01,2.438889100000000099e+01,5.729963999999999942e+02,4.472222500000000167e+01,1.386329199999999901e+03,6.744444000000000017e+01,5.877777999999999992e+01,7.900000000000000000e+01,6.455555999999999983e+01,-2.600000000000000000e+01,3.466666800000000137e+01,-8.666667000000000343e+00,7.900000000000000000e+01,3.062812699999999944e-01,-2.422127199999999814e+00,2.000000000000000000e+00
1.500000000000000000e+02,1.580000000000000000e+02,9.000000000000000000e+00,0.000000000000000000e+00,0.000000000000000000e+00,2.166666999999999899e+00,1.633333799999999947e+00,1.388889000000000040e+00,4.185180700000000198e-01,8.444444999999999979e+00,7.000000000000000000e+00,1.222222200000000036e+01,6.111111000000000182e+00,-4.333333500000000171e+00,1.133333299999999966e+01,-7.000000000000000000e+00,1.222222200000000036e+01,5.030864499999999628e-01,-1.943448700000000029e+00,3.000000000000000000e+00
1.970000000000000000e+02,1.210000000000000000e+02,9.000000000000000000e+00,0.000000000000000000e+00,0.000000000000000000e+00,2.166666599999999931e+01,1.736280000000000001e+01,9.444443599999999828e-01,9.047208000000002137e-01,4.103703699999999799e+01,3.744444299999999970e+01,4.944444299999999970e+01,3.622222000000000008e+01,-1.077777799999999964e+01,2.522222100000000111e+01,-1.444444499999999998e+01,4.944444299999999970e+01,2.805777500000000146e-01,-1.995536100000000035e+00,3.000000000000000000e+00
2.360000000000000000e+02,1.170000000000000000e+02,9.000000000000000000e+00,0.000000000000000000e+00,0.000000000000000000e+00,7.777785999999999866e-01,4.036870599999999865e-01,1.277778000000000080e+00,7.428677700000000383e-01,4.588889000000000351e+01,3.955555700000000030e+01,5.844444299999999970e+01,3.966666800000000137e+01,-1.900000000000000000e+01,3.766666800000000137e+01,-1.866666599999999931e+01,5.844444299999999970e+01,3.304768799999999729e-01,-2.099480199999999908e+00,3.000000000000000000e+00
1.360000000000000000e+02,4.500000000000000000e+01,9.000000000000000000e+00,0.000000000000000000e+00,0.000000000000000000e+00,1.222221999999999920e+00,1.544405900000000109e+00,2.055555299999999974e+00,1.526313100000000089e+00,5.307407400000000308e+01,4.811110999999999649e+01,6.377777999999999992e+01,4.733333199999999863e+01,-1.488888900000000071e+01,3.211110999999999649e+01,-1.722222100000000111e+01,6.377777999999999992e+01,2.593673200000000123e-01,-2.045904900000000026e+00,3.000000000000000000e+00
1.910000000000000000e+02,1.190000000000000000e+02,9.000000000000000000e+00,0.000000000000000000e+00,0.000000000000000000e+00,1.111110700000000007e+00,1.293861500000000220e+00,9.444458999999999493e-01,7.722020000000000550e-01,3.985185200000000094e+01,3.622222000000000008e+01,4.822222000000000008e+01,3.511110999999999649e+01,-1.088888900000000071e+01,2.511111000000000004e+01,-1.422222200000000036e+01,4.822222000000000008e+01,2.717172500000000213e-01,-2.005999800000000111e+00,3.000000000000000000e+00
1.180000000000000000e+02,1.260000000000000000e+02,9.000000000000000000e+00,0.000000000000000000e+00,0.000000000000000000e+00,6.666666999999999454e-01,3.999997399999999925e-01,1.833333600000000008e+00,2.122222400000000064e+00,2.055555499999999824e+01,1.611111000000000004e+01,2.866666599999999931e+01,1.688888999999999996e+01,-1.333333299999999966e+01,2.433333400000000069e+01,-1.100000000000000000e+01,2.866666599999999931e+01,4.370780000000000221e-01,-2.158804700000000132e+00,3.000000000000000000e+00
1.840000000000000000e+02,1.450000000000000000e+02,9.000000000000000000e+00,0.000000000000000000e+00,0.000000000000000000e+00,7.222222700000000550e-01,6.116158999999999901e-01,2.222222199999999981e-01,2.721655000000000046e-01,5.555556000000000383e-01,3.333333399999999780e-01,1.222222200000000036e+00,1.111111100000000129e-01,-6.666666999999999454e-01,2.000000000000000000e+00,-1.333333399999999891e+00,1.222222200000000036e+00,5.277777999999999636e-01,-1.920943599999999973e+00,4.000000000000000000e+00
1.860000000000000000e+02,1.200000000000000000e+01,9.000000000000000000e+00,0.000000000000000000e+00,0.000000000000000000e+00,4.444443299999999986e-01,2.721654800000000152e-01,2.333333300000000055e+00,1.966383900000000073e+00,6.259259000000000128e+00,3.888888800000000145e+00,1.133333299999999966e+01,3.555555599999999927e+00,-7.111111000000000182e+00,1.522222200000000036e+01,-8.111110999999997517e+00,1.133333299999999966e+01,6.873015999999999570e-01,-2.057977999999999863e+00,4.000000000000000000e+00
9.000000000000000000e+01,1.340000000000000000e+02,9.000000000000000000e+00,0.000000000000000000e+00,0.000000000000000000e+00,3.888888699999999976e-01,1.851852799999999938e-02,9.444443599999999828e-01,1.518522999999999956e-01,2.111111199999999855e+00,1.000000000000000000e+00,4.666667000000000343e+00,6.666666999999999454e-01,-3.333333300000000055e+00,7.666666499999999829e+00,-4.333333500000000171e+00,4.666667000000000343e+00,8.814814699999999892e-01,-2.013143499999999975e+00,4.000000000000000000e+00
1.890000000000000000e+02,1.440000000000000000e+02,9.000000000000000000e+00,0.000000000000000000e+00,0.000000000000000000e+00,0.000000000000000000e+00,0.000000000000000000e+00,0.000000000000000000e+00,0.000000000000000000e+00,0.000000000000000000e+00,0.000000000000000000e+00,0.000000000000000000e+00,0.000000000000000000e+00,0.000000000000000000e+00,0.000000000000000000e+00,0.000000000000000000e+00,0.000000000000000000e+00,0.000000000000000000e+00,0.000000000000000000e+00,4.000000000000000000e+00
2.290000000000000000e+02,1.040000000000000000e+02,9.000000000000000000e+00,0.000000000000000000e+00,0.000000000000000000e+00,4.999998500000000234e-01,5.477223399999999742e-01,2.833333300000000055e+00,2.041242099999999837e+00,1.977777899999999889e+01,1.633333400000000069e+01,2.611111000000000004e+01,1.688888999999999996e+01,-1.033333299999999966e+01,1.900000000000000000e+01,-8.666667000000000343e+00,2.611111000000000004e+01,3.755323300000000253e-01,-2.150637600000000038e+00,4.000000000000000000e+00
1.570000000000000000e+02,8.500000000000000000e+01,9.000000000000000000e+00,0.000000000000000000e+00,0.000000000000000000e+00,1.222222300000000095e+00,1.241265700000000027e+00,2.222223299999999957e-01,1.721326400000000034e-01,1.892592600000000047e+01,1.455555500000000002e+01,2.688888999999999996e+01,1.533333299999999966e+01,-1.311111099999999929e+01,2.388888999999999996e+01,-1.077777799999999964e+01,2.688888999999999996e+01,4.590244600000000230e-01,-2.160912499999999792e+00,4.000000000000000000e+00
1.510000000000000000e+02,1.630000000000000000e+02,9.000000000000000000e+00,0.000000000000000000e+00,0.000000000000000000e+00,2.055555599999999927e+00,2.285186299999999893e+00,1.816666599999999931e+01,4.198893400000000042e+01,4.000000000000000000e+01,3.455555700000000030e+01,4.800000000000000000e+01,3.744444299999999970e+01,-1.633333400000000069e+01,2.400000000000000000e+01,-7.666666499999999829e+00,4.811110999999999649e+01,2.638464999999999838e-01,-2.517490099999999842e+00,5.000000000000000000e+00
1.820000000000000000e+02,1.860000000000000000e+02,9.000000000000000000e+00,1.111111100000000129e-01,0.000000000000000000e+00,3.666666000000000203e+00,2.043960799999999800e+00,1.777776699999999988e+00,1.241266100000000039e+00,4.844444299999999970e+01,4.377777999999999992e+01,5.988889000000000351e+01,4.166666800000000137e+01,-1.400000000000000000e+01,3.433333199999999863e+01,-2.033333400000000069e+01,5.988889000000000351e+01,3.045219499999999857e-01,-1.973055500000000073e+00,5.000000000000000000e+00
1.180000000000000000e+02,1.800000000000000000e+02,9.000000000000000000e+00,0.000000000000000000e+00,0.000000000000000000e+00,1.944444700000000026e+00,1.481991300000000011e+00,3.111111399999999971e+00,1.088662900000000100e+00,4.855555700000000030e+01,4.411110999999999649e+01,5.900000000000000000e+01,4.255555700000000030e+01,-1.333333299999999966e+01,3.133333400000000069e+01,-1.800000000000000000e+01,5.900000000000000000e+01,2.788221799999999750e-01,-1.996042300000000047e+00,5.000000000000000000e+00
1.980000000000000000e+02,1.830000000000000000e+02,9.000000000000000000e+00,0.000000000000000000e+00,0.000000000000000000e+00,1.055554700000000068e+00,1.181649699999999914e+00,3.388888099999999959e+00,1.597450599999999943e+00,5.403703699999999799e+01,4.888889000000000351e+01,6.655555999999999983e+01,4.666666800000000137e+01,-1.544444499999999998e+01,3.755555700000000030e+01,-2.211111000000000004e+01,6.655555999999999983e+01,2.986216999999999899e-01,-1.974958900000000073e+00,5.000000000000000000e+00
2.190000000000000000e+02,1.760000000000000000e+02,9.000000000000000000e+00,0.000000000000000000e+00,1.111111100000000129e-01,2.111111900000000041e+00,1.857917000000000041e+00,5.111111000000000182e+00,2.841493100000000105e+00,6.029629500000000064e+01,5.333333199999999863e+01,7.566666999999998211e+01,5.188889000000000351e+01,-2.088888999999999996e+01,4.611110999999999649e+01,-2.522222100000000111e+01,7.566666999999998211e+01,3.144624200000000203e-01,-2.030648199999999903e+00,5.000000000000000000e+00
7.700000000000000000e+01,1.850000000000000000e+02,9.000000000000000000e+00,0.000000000000000000e+00,0.000000000000000000e+00,2.944444999999999979e+00,7.662958599999998732e+00,6.222221399999999569e+00,3.211852300000000326e+01,3.255555700000000030e+01,2.922222100000000111e+01,3.966666800000000137e+01,2.877777899999999889e+01,-1.000000000000000000e+01,2.133333400000000069e+01,-1.133333299999999966e+01,3.966666800000000137e+01,2.703603800000000112e-01,-2.085271600000000003e+00,5.000000000000000000e+00
2.900000000000000000e+01,1.950000000000000000e+02,9.000000000000000000e+00,0.000000000000000000e+00,0.000000000000000000e+00,4.444443299999999986e-01,4.036865199999999931e-01,6.111108699999999727e-01,6.804135999999999518e-01,1.603703700000000154e+01,1.444444499999999998e+01,1.333333299999999966e+01,2.033333400000000069e+01,-4.777777699999999683e+00,-8.111110999999997517e+00,1.288888900000000071e+01,2.033333400000000069e+01,3.423069400000000040e-01,1.943039900000000042e+00,6.000000000000000000e+00
2.370000000000000000e+02,1.910000000000000000e+02,9.000000000000000000e+00,0.000000000000000000e+00,0.000000000000000000e+00,1.000000000000000000e+00,3.111110599999999948e-01,1.500000000000000000e+00,1.011110900000000035e+00,7.333333500000000171e+00,5.333333500000000171e+00,5.444444700000000026e+00,1.122222200000000036e+01,-6.000000000000000000e+00,-5.666666499999999829e+00,1.166666700000000034e+01,1.122222200000000036e+01,5.358197000000000099e-01,2.122422499999999879e+00,6.000000000000000000e+00
6.300000000000000000e+01,2.200000000000000000e+02,9.000000000000000000e+00,0.000000000000000000e+00,0.000000000000000000e+00,3.055556000000000161e+00,1.526295949999999912e+01,3.666666699999999945e+00,6.088889599999999902e+00,8.185185000000000599e+00,6.555555299999999974e+00,6.444444700000000026e+00,1.155555500000000002e+01,-4.888888999999999818e+00,-5.222222300000000317e+00,1.011111099999999929e+01,1.155555500000000002e+01,4.867172799999999744e-01,2.093149700000000113e+00,6.000000000000000000e+00
2.000000000000000000e+00,2.450000000000000000e+02,9.000000000000000000e+00,0.000000000000000000e+00,0.000000000000000000e+00,1.888888799999999923e+00,2.162962999999999969e+00,3.166666699999999945e+00,3.277778099999999917e+00,6.407407300000000028e+00,6.222222300000000317e+00,6.000000000000000000e+00,7.000000000000000000e+00,-5.555556000000000383e-01,-1.222222200000000036e+00,1.777777799999999964e+00,7.222222300000000317e+00,1.910493799999999909e-01,1.756645100000000070e+00,6.000000000000000000e+00
1.030000000000000000e+02,2.160000000000000000e+02,9.000000000000000000e+00,0.000000000000000000e+00,0.000000000000000000e+00,8.888888400000000134e-01,6.518517000000000339e-01,2.166666300000000156e+00,1.144444199999999912e+00,1.455555500000000002e+01,1.088888900000000071e+01,1.366666700000000034e+01,1.911111000000000004e+01,-1.100000000000000000e+01,-2.666666699999999945e+00,1.366666700000000034e+01,1.911111000000000004e+01,4.316957599999999839e-01,2.447546700000000186e+00,6.000000000000000000e+00
5.700000000000000000e+01,1.770000000000000000e+02,9.000000000000000000e+00,0.000000000000000000e+00,0.000000000000000000e+00,9.444449499999999498e-01,5.518516300000000374e-01,1.444444300000000014e+00,1.718520000000000048e+00,1.959259199999999979e+01,1.577777799999999964e+01,1.844444500000000176e+01,2.455555499999999824e+01,-1.144444500000000176e+01,-3.444444400000000073e+00,1.488888900000000071e+01,2.455555499999999824e+01,3.589903999999999873e-01,2.413262000000000018e+00,6.000000000000000000e+00
