1.380000000000000000e+02,1.330000000000000000e+02,9.000000000000000000e+00,0.000000000000000000e+00,0.000000000000000000e+00,6.666666999999999454e-01,4.444443299999999986e-01,1.166666600000000109e+00,2.111109300000000022e-01,6.444444700000000026e+00,7.777777699999998795e+00,7.888888999999999818e+00,3.666666699999999945e+00,4.000000000000000000e+00,4.333333500000000171e+00,-8.333332999999997881e+00,8.222222000000000364e+00,5.582011000000000056e-01,-1.077659500000000214e+00,0.000000000000000000e+00
3.300000000000000000e+01,1.490000000000000000e+02,9.000000000000000000e+00,0.000000000000000000e+00,0.000000000000000000e+00,5.555556000000000383e-01,2.518516499999999825e-01,7.222222700000000550e-01,1.518517100000000009e-01,5.444444700000000026e+00,4.111111000000000182e+00,8.666667000000000343e+00,3.555555599999999927e+00,-4.000000000000000000e+00,9.666667000000000343e+00,-5.666666499999999829e+00,8.666667000000000343e+00,5.783388999999999891e-01,-1.985702800000000101e+00,0.000000000000000000e+00
1.460000000000000000e+02,1.240000000000000000e+02,9.000000000000000000e+00,0.000000000000000000e+00,0.000000000000000000e+00,4.999998999999999971e-01,1.666666400000000048e-01,3.888887500000000053e-01,1.074073759999999989e-01,6.037036999999999765e+00,7.444444700000000026e+00,7.333333500000000171e+00,3.333333300000000055e+00,4.222222300000000317e+00,3.888888800000000145e+00,-8.111110999999997517e+00,7.666666499999999829e+00,5.634920599999999613e-01,-1.024730099999999977e+00,0.000000000000000000e+00
1.050000000000000000e+02,1.390000000000000000e+02,9.000000000000000000e+00,0.000000000000000000e+00,0.000000000000000000e+00,2.777778200000000086e-01,1.074074359999999950e-01,8.333332500000000254e-01,5.222221599999999908e-01,6.111111000000000182e+00,7.555555299999999974e+00,7.222222300000000317e+00,3.555555599999999927e+00,4.333333500000000171e+00,3.333333300000000055e+00,-7.666666499999999829e+00,7.555555299999999974e+00,5.326279000000000430e-01,-9.659458399999999445e-01,0.000000000000000000e+00
1.880000000000000000e+02,1.330000000000000000e+02,9.000000000000000000e+00,0.000000000000000000e+00,0.000000000000000000e+00,3.333333399999999780e-01,2.666667400000000132e-01,5.000000000000000000e-01,7.777773600000000009e-02,6.666666499999999829e+00,8.333334000000000685e+00,7.777777699999998795e+00,3.888888800000000145e+00,5.000000000000000000e+00,3.333333300000000055e+00,-8.333332999999997881e+00,8.444444999999999979e+00,5.385802400000000434e-01,-9.248172599999999743e-01,0.000000000000000000e+00
1.960000000000000000e+02,1.290000000000000000e+02,9.000000000000000000e+00,0.000000000000000000e+00,0.000000000000000000e+00,8.333332500000000254e-01,4.333333400000000113e-01,6.666666999999999454e-01,1.777777399999999619e-01,6.333333500000000171e+00,7.888888999999999818e+00,7.333333500000000171e+00,3.777777700000000127e+00,4.666666499999999829e+00,3.000000000000000000e+00,-7.666666499999999829e+00,8.222222000000000364e+00,5.401234599999999997e-01,-9.327826000000000173e-01,0.000000000000000000e+00
2.260000000000000000e+02,8.300000000000000000e+01,9.000000000000000000e+00,0.000000000000000000e+00,0.000000000000000000e+00,8.888892999999999933e-01,5.185186000000000517e-01,1.055552100000000104e+00,5.074063500000000060e-01,9.062963000000000591e+01,7.455555999999999983e+01,1.168888850000000019e+02,8.044444000000000017e+01,-4.822222000000000008e+01,7.877778000000000702e+01,-3.055555499999999824e+01,1.168888850000000019e+02,3.620617700000000050e-01,-2.239052800000000065e+00,1.000000000000000000e+00
6.700000000000000000e+01,7.100000000000000000e+01,9.000000000000000000e+00,0.000000000000000000e+00,0.000000000000000000e+00,1.666666600000000109e+00,8.888911000000000451e-01,1.499998699999999907e+00,2.999984600000000223e-01,1.259629599999999954e+02,1.155555600000000283e+02,1.408888900000000035e+02,1.214444400000000002e+02,-3.122222100000000111e+01,4.477777999999999992e+01,-1.355555500000000002e+01,1.408888900000000035e+02,1.796721799999999869e-01,-2.339757999999999782e+00,1.000000000000000000e+00
1.810000000000000000e+02,2.700000000000000000e+01,9.000000000000000000e+00,0.000000000000000000e+00,0.000000000000000000e+00,7.222214000000000134e-01,4.629638799999999943e-01,5.000000000000000000e-01,2.555548300000000106e-01,1.380740800000000377e+02,1.325555600000000140e+02,1.465555600000000140e+02,1.351111099999999965e+02,-1.655555499999999824e+01,2.544444500000000176e+01,-8.888889000000000706e+00,1.465555600000000140e+02,9.626316000000000039e-02,-2.264531900000000153e+00,1.000000000000000000e+00
1.420000000000000000e+02,3.300000000000000000e+01,9.000000000000000000e+00,0.000000000000000000e+00,0.000000000000000000e+00,4.999987200000000076e-01,6.236086499999999866e-01,5.000012499999999527e-01,3.496026999999999885e-01,1.105925900000000013e+02,9.677778000000000702e+01,1.286666700000000105e+02,1.063333360000000027e+02,-4.144444299999999970e+01,5.422222000000000008e+01,-1.277777799999999964e+01,1.286666700000000105e+02,2.477764600000000039e-01,-2.408018600000000120e+00,1.000000000000000000e+00
1.560000000000000000e+02,3.200000000000000000e+01,9.000000000000000000e+00,0.000000000000000000e+00,0.000000000000000000e+00,7.777735599999998639e-01,1.629641799999999863e-01,2.611109499999999972e+00,1.040737900000000105e+00,1.362963000000000022e+02,1.297777900000000102e+02,1.463333399999999926e+02,1.327777900000000102e+02,-1.955555499999999824e+01,3.011111000000000004e+01,-1.055555500000000002e+01,1.463333399999999926e+02,1.130553559999999957e-01,-2.280755000000000088e+00,1.000000000000000000e+00
1.200000000000000000e+02,7.400000000000000000e+01,9.000000000000000000e+00,0.000000000000000000e+00,0.000000000000000000e+00,3.333345999999999809e-01,8.888922000000000490e-02,5.000012499999999527e-01,7.777795999999999321e-02,1.018518499999999989e+02,8.911111499999999808e+01,1.232222199999999930e+02,9.322221999999999298e+01,-3.822222000000000008e+01,6.411111499999999808e+01,-2.588888999999999996e+01,1.232222199999999930e+02,2.767843999999999860e-01,-2.220553199999999894e+00,1.000000000000000000e+00
4.500000000000000000e+01,1.080000000000000000e+02,9.000000000000000000e+00,0.000000000000000000e+00,1.111111100000000129e-01,2.550000000000000000e+01,1.279540100000000002e+01,2.727777899999999889e+01,1.593098099999999917e+01,4.981481600000000043e+01,4.177777999999999992e+01,6.111110999999999649e+01,4.655555700000000030e+01,-2.411111000000000004e+01,3.388889000000000351e+01,-9.777777999999999636e+00,6.111110999999999649e+01,3.589750800000000019e-01,-2.360491300000000070e+00,2.000000000000000000e+00
1.000000000000000000e+00,8.100000000000000000e+01,9.000000000000000000e+00,0.000000000000000000e+00,0.000000000000000000e+00,1.216666700000000034e+01,2.674555399999999850e+02,9.222222000000000364e+00,2.053629599999999868e+02,2.133333400000000069e+01,1.400000000000000000e+01,3.055555499999999824e+01,1.944444500000000176e+01,-2.200000000000000000e+01,2.766666599999999931e+01,-5.666666499999999829e+00,3.055555499999999824e+01,5.952821999999999836e-01,-2.438409000000000049e+00,2.000000000000000000e+00
1.270000000000000000e+02,1.430000000000000000e+02,9.000000000000000000e+00,0.000000000000000000e+00,0.000000000000000000e+00,1.500000000000000000e+00,1.222221400000000069e-01,8.888888400000000134e-01,6.074074499999999599e-01,4.185184999999999711e+00,8.888888999999999818e-01,9.444445000000001755e+00,2.222222299999999873e+00,-9.888889000000000706e+00,1.577777799999999964e+01,-5.888888999999999818e+00,9.444445000000001755e+00,9.153759999999999675e-01,-2.257412400000000208e+00,2.000000000000000000e+00
4.100000000000000000e+01,7.500000000000000000e+01,9.000000000000000000e+00,0.000000000000000000e+00,1.111111100000000129e-01,1.538888900000000071e+01,1.913625700000000052e+01,2.661111299999999957e+01,3.171358999999999995e+01,5.500000000000000000e+01,4.744444299999999970e+01,6.544444000000000017e+01,5.211110999999999649e+01,-2.266666599999999931e+01,3.133333400000000069e+01,-8.666667000000000343e+00,6.544444000000000017e+01,2.978018499999999791e-01,-2.356754299999999969e+00,2.000000000000000000e+00
5.200000000000000000e+01,1.020000000000000000e+02,9.000000000000000000e+00,0.000000000000000000e+00,0.000000000000000000e+00,7.222222700000000550e-01,5.074072499999999764e-01,8.333333000000000546e-01,5.666668000000000260e-01,2.888888800000000145e+00,6.666666999999999454e-01,6.333333500000000171e+00,1.666666600000000109e+00,-6.666666499999999829e+00,1.033333299999999966e+01,-3.666666699999999945e+00,6.333333500000000171e+00,8.997354499999999922e-01,-2.261719499999999883e+00,2.000000000000000000e+00
9.000000000000000000e+00,8.000000000000000000e+01,9.000000000000000000e+00,0.000000000000000000e+00,0.000000000000000000e+00,2.944444400000000073e+00,1.375185300000000055e+01,1.666666599999999931e+01,7.151109999999999900e+01,2.362962999999999880e+01,1.733333400000000069e+01,3.166666599999999931e+01,2.188888999999999996e+01,-1.888888999999999996e+01,2.411111000000000004e+01,-5.222222300000000317e+00,3.166666599999999931e+01,5.142537000000000358e-01,-2.431513499999999883e+00,2.000000000000000000e+00
1.300000000000000000e+02,3.200000000000000000e+01,9.000000000000000000e+00,0.000000000000000000e+00,0.000000000000000000e+00,1.111111299999999913e+00,1.047041000000000111e+00,8.333339699999998684e-01,8.366586599999999985e-01,5.948147999999999769e+01,5.422222000000000008e+01,7.088889000000000351e+01,5.333333199999999863e+01,-1.577777799999999964e+01,3.422222000000000008e+01,-1.844444500000000176e+01,7.088889000000000351e+01,2.490006399999999953e-01,-2.042422000000000182e+00,3.000000000000000000e+00
2.080000000000000000e+02,6.500000000000000000e+01,9.000000000000000000e+00,0.000000000000000000e+00,0.000000000000000000e+00,1.388887400000000216e+00,1.236779899999999932e+00,2.644444500000000176e+01,2.553747699999999909e+01,5.670370499999999936e+01,5.266666800000000137e+01,6.444444000000000017e+01,5.300000000000000000e+01,-1.211111099999999929e+01,2.322222100000000111e+01,-1.111111099999999929e+01,6.444444000000000017e+01,1.971303799999999939e-01,-1.970811599999999997e+00,3.000000000000000000e+00
1.690000000000000000e+02,1.020000000000000000e+02,9.000000000000000000e+00,0.000000000000000000e+00,0.000000000000000000e+00,1.000000000000000000e+00,3.555548499999999779e-01,8.888892999999999933e-01,2.962954999999999894e-01,5.822222000000000008e+01,5.344444299999999970e+01,6.966666999999999632e+01,5.155555700000000030e+01,-1.433333299999999966e+01,3.433333199999999863e+01,-2.000000000000000000e+01,6.966666999999999632e+01,2.597599600000000120e-01,-1.985584299999999969e+00,3.000000000000000000e+00
4.200000000000000000e+01,5.700000000000000000e+01,9.000000000000000000e+00,0.000000000000000000e+00,0.000000000000000000e+00,1.388890600000000086e+00,9.756275399999999598e-01,9.999987500000000473e-01,3.651483699999999999e-01,6.570370499999999936e+01,5.944444299999999970e+01,7.944444000000000017e+01,5.822222000000000008e+01,-1.877777899999999889e+01,4.122222000000000008e+01,-2.244444500000000176e+01,7.944444000000000017e+01,2.667761399999999949e-01,-2.030702799999999808e+00,3.000000000000000000e+00
3.700000000000000000e+01,7.800000000000000000e+01,9.000000000000000000e+00,0.000000000000000000e+00,0.000000000000000000e+00,1.000000599999999906e+00,1.777773500000000007e-01,2.555556499999999787e+00,2.874072799999999983e+00,4.381481600000000043e+01,4.111110999999999649e+01,5.188889000000000351e+01,3.844444299999999970e+01,-8.111110999999997517e+00,2.422222100000000111e+01,-1.611111000000000004e+01,5.188889000000000351e+01,2.589164400000000255e-01,-1.886072299999999924e+00,3.000000000000000000e+00
1.510000000000000000e+02,8.900000000000000000e+01,9.000000000000000000e+00,0.000000000000000000e+00,0.000000000000000000e+00,8.388889000000000706e+00,4.577316999999999858e+00,7.222220299999998483e-01,3.896823799999999949e-01,3.170370300000000086e+01,2.733333400000000069e+01,4.100000000000000000e+01,2.677777899999999889e+01,-1.311111099999999929e+01,2.788888999999999996e+01,-1.477777799999999964e+01,4.100000000000000000e+01,3.512725199999999770e-01,-2.046541500000000013e+00,3.000000000000000000e+00
1.600000000000000000e+02,1.100000000000000000e+02,9.000000000000000000e+00,0.000000000000000000e+00,0.000000000000000000e+00,8.333329999999999904e-01,6.912144999999999539e-01,4.444436999999999971e-01,2.721654000000000018e-01,3.162962999999999880e+01,2.722222100000000111e+01,3.933333600000000274e+01,2.833333400000000069e+01,-1.322222200000000036e+01,2.311111000000000004e+01,-9.888889000000000706e+00,3.933333600000000274e+01,3.074440999999999979e-01,-2.187241600000000119e+00,4.000000000000000000e+00
2.070000000000000000e+02,1.150000000000000000e+02,9.000000000000000000e+00,0.000000000000000000e+00,0.000000000000000000e+00,1.055555500000000091e+00,3.296295000000000197e-01,1.666666900000000062e-01,3.333334300000000139e-02,1.222222200000000036e+00,4.444444499999999909e-01,2.888888800000000145e+00,3.333333399999999780e-01,-2.333333300000000055e+00,5.000000000000000000e+00,-2.666666699999999945e+00,2.888888800000000145e+00,9.333333400000000113e-01,-2.065536300000000214e+00,4.000000000000000000e+00
1.230000000000000000e+02,1.520000000000000000e+02,9.000000000000000000e+00,0.000000000000000000e+00,0.000000000000000000e+00,0.000000000000000000e+00,0.000000000000000000e+00,0.000000000000000000e+00,0.000000000000000000e+00,0.000000000000000000e+00,0.000000000000000000e+00,0.000000000000000000e+00,0.000000000000000000e+00,0.000000000000000000e+00,0.000000000000000000e+00,0.000000000000000000e+00,0.000000000000000000e+00,0.000000000000000000e+00,0.000000000000000000e+00,4.000000000000000000e+00
5.700000000000000000e+01,8.900000000000000000e+01,9.000000000000000000e+00,0.000000000000000000e+00,0.000000000000000000e+00,1.722222200000000036e+00,1.306678299999999959e+00,6.166666499999999829e+00,4.703426399999999674e+00,1.700000000000000000e+01,1.300000000000000000e+01,2.455555499999999824e+01,1.344444500000000353e+01,-1.200000000000000000e+01,2.266666599999999931e+01,-1.066666700000000034e+01,2.455555499999999824e+01,4.774885200000000274e-01,-2.129746400000000150e+00,4.000000000000000000e+00
5.400000000000000000e+01,1.330000000000000000e+02,9.000000000000000000e+00,0.000000000000000000e+00,0.000000000000000000e+00,1.555555699999999986e+00,1.007407399999999953e+00,5.000000599999999684e-01,3.444442999999999810e-01,5.370370399999999655e+00,3.666666699999999945e+00,9.000000000000000000e+00,3.444444400000000073e+00,-5.111111000000000182e+00,1.088888900000000071e+01,-5.777777699999999683e+00,9.000000000000000000e+00,6.304714000000000151e-01,-2.048000299999999996e+00,4.000000000000000000e+00
1.960000000000000000e+02,9.500000000000000000e+01,9.000000000000000000e+00,0.000000000000000000e+00,0.000000000000000000e+00,1.722221999999999920e+00,1.123816500000000218e+00,1.333333499999999949e+00,1.264910999999999897e+00,7.629629600000000345e+00,6.777777699999999683e+00,1.077777799999999964e+01,5.333333500000000171e+00,-2.555555599999999927e+00,9.444445000000001755e+00,-6.888888999999999818e+00,1.077777799999999964e+01,5.125658499999999895e-01,-1.749258399999999991e+00,4.000000000000000000e+00
2.350000000000000000e+02,1.960000000000000000e+02,9.000000000000000000e+00,0.000000000000000000e+00,0.000000000000000000e+00,1.666666600000000109e+00,1.333334000000000019e+00,2.222221999999999920e+00,1.148268199999999961e+00,4.725925999999999760e+01,4.177777999999999992e+01,5.855555700000000030e+01,4.144444299999999970e+01,-1.644444500000000176e+01,3.388889000000000351e+01,-1.744444500000000176e+01,5.855555700000000030e+01,2.942378199999999833e-01,-2.074615500000000168e+00,5.000000000000000000e+00
1.670000000000000000e+02,1.890000000000000000e+02,9.000000000000000000e+00,0.000000000000000000e+00,0.000000000000000000e+00,3.777777400000000174e+00,2.237722400000000000e+00,3.777777400000000174e+00,1.544405000000000028e+00,5.840740600000000171e+01,5.133333199999999863e+01,7.244444000000000017e+01,5.144444299999999970e+01,-2.122222100000000111e+01,4.211110999999999649e+01,-2.088888999999999996e+01,7.244444000000000017e+01,2.955230799999999936e-01,-2.101325800000000132e+00,5.000000000000000000e+00
5.000000000000000000e+00,2.100000000000000000e+02,9.000000000000000000e+00,0.000000000000000000e+00,1.111111100000000129e-01,2.166667200000000015e+00,1.669998199999999988e+00,4.444443999999999839e+00,2.613356000000000012e+00,5.129629500000000064e+01,4.544444299999999970e+01,6.433333600000000274e+01,4.411110999999999649e+01,-1.755555499999999824e+01,3.911110999999999649e+01,-2.155555499999999824e+01,6.433333600000000274e+01,3.175664000000000264e-01,-2.020895499999999956e+00,5.000000000000000000e+00
2.230000000000000000e+02,1.610000000000000000e+02,9.000000000000000000e+00,0.000000000000000000e+00,0.000000000000000000e+00,1.388889300000000215e+00,3.040735999999999883e+00,8.999999000000000748e+00,3.102223400000000098e+01,4.203703699999999799e+01,3.600000000000000000e+01,5.222222000000000008e+01,3.788889000000000351e+01,-1.811111000000000004e+01,3.055555499999999824e+01,-1.244444500000000353e+01,5.222222000000000008e+01,3.084164600000000034e-01,-2.282294999999999963e+00,5.000000000000000000e+00
2.520000000000000000e+02,2.010000000000000000e+02,9.000000000000000000e+00,0.000000000000000000e+00,0.000000000000000000e+00,4.611110700000000229e+00,5.495115000000000194e+00,5.555555299999999974e+00,5.795274000000000036e+00,4.029629500000000064e+01,3.577777999999999992e+01,4.900000000000000000e+01,3.611110999999999649e+01,-1.355555500000000002e+01,2.611111000000000004e+01,-1.255555500000000002e+01,4.900000000000000000e+01,2.753682000000000074e-01,-2.175825600000000026e+00,5.000000000000000000e+00
1.050000000000000000e+02,1.930000000000000000e+02,9.000000000000000000e+00,0.000000000000000000e+00,0.000000000000000000e+00,3.222221999999999920e+00,1.905159700000000011e+00,2.888889300000000215e+00,2.177325499999999803e+00,6.011110999999999649e+01,5.311110999999999649e+01,7.511111499999999808e+01,5.211110999999999649e+01,-2.100000000000000000e+01,4.500000000000000000e+01,-2.400000000000000000e+01,7.511111499999999808e+01,3.084653600000000218e-01,-2.047766000000000197e+00,5.000000000000000000e+00
2.330000000000000000e+02,2.110000000000000000e+02,9.000000000000000000e+00,1.111111100000000129e-01,0.000000000000000000e+00,2.666666699999999945e+00,6.088889599999999902e+00,1.666666600000000109e+00,1.733333299999999966e+00,1.544444499999999998e+01,1.244444500000000353e+01,1.522222200000000036e+01,1.866666800000000137e+01,-9.000000000000000000e+00,-6.666666999999999454e-01,9.666667000000000343e+00,1.866666800000000137e+01,3.354214699999999993e-01,2.554964500000000083e+00,6.000000000000000000e+00
2.330000000000000000e+02,1.840000000000000000e+02,9.000000000000000000e+00,0.000000000000000000e+00,0.000000000000000000e+00,5.000002000000000058e-01,7.777776599999999818e-02,7.777777000000000163e-01,7.851850000000000218e-01,1.185185100000000347e+01,9.777777999999999636e+00,9.888889000000000706e+00,1.588888900000000071e+01,-6.222222300000000317e+00,-5.888888999999999818e+00,1.211111099999999929e+01,1.588888900000000071e+01,4.055555499999999869e-01,2.128645699999999863e+00,6.000000000000000000e+00
1.170000000000000000e+02,2.240000000000000000e+02,9.000000000000000000e+00,0.000000000000000000e+00,0.000000000000000000e+00,3.055555599999999927e+00,2.559658499999999837e+00,3.055555599999999927e+00,3.021527299999999805e+00,2.025926000000000116e+01,1.544444499999999998e+01,1.777777899999999534e+01,2.755555499999999824e+01,-1.444444499999999998e+01,-7.444444700000000026e+00,2.188888999999999996e+01,2.755555499999999824e+01,4.415162200000000148e-01,2.304153200000000012e+00,6.000000000000000000e+00
2.420000000000000000e+02,1.830000000000000000e+02,9.000000000000000000e+00,0.000000000000000000e+00,0.000000000000000000e+00,1.499999899999999942e+00,9.368978999999999502e-01,2.166666699999999945e+00,1.798146999999999940e+00,1.537036999999999942e+01,1.266666700000000034e+01,1.244444500000000353e+01,2.100000000000000000e+01,-8.111110999999997517e+00,-8.777777999999997860e+00,1.688888999999999996e+01,2.100000000000000000e+01,4.202440399999999854e-01,2.075873599999999985e+00,6.000000000000000000e+00
8.000000000000000000e+00,1.990000000000000000e+02,9.000000000000000000e+00,0.000000000000000000e+00,0.000000000000000000e+00,1.666667099999999957e+00,7.888107300000000155e-01,1.388889300000000215e+00,7.123253299999999788e-01,1.500000000000000000e+01,1.333333299999999966e+01,1.177777799999999964e+01,1.988888999999999996e+01,-5.000000000000000000e+00,-9.666667000000000343e+00,1.466666700000000034e+01,1.988888999999999996e+01,4.088845799999999975e-01,1.905302599999999957e+00,6.000000000000000000e+00
2.040000000000000000e+02,1.560000000000000000e+02,9.000000000000000000e+00,0.000000000000000000e+00,0.000000000000000000e+00,5.000002999999999531e-01,2.788862599999999969e-01,1.999999599999999988e+00,5.577732300000000087e-01,2.370370300000000086e+01,1.733333400000000069e+01,2.544444500000000176e+01,2.833333400000000069e+01,-1.911111000000000004e+01,5.222222300000000317e+00,1.388888900000000071e+01,2.833333400000000069e+01,3.890340600000000149e-01,2.864930600000000105e+00,6.000000000000000000e+00
