1.400000000000000000e+02,1.250000000000000000e+02,9.000000000000000000e+00,0.000000000000000000e+00,0.000000000000000000e+00,2.777779000000000220e-01,6.296300999999999981e-02,6.666667499999999746e-01,3.111111799999999872e-01,6.185184999999999711e+00,7.333333500000000171e+00,7.666666499999999829e+00,3.555555599999999927e+00,3.444444400000000073e+00,4.444444700000000026e+00,-7.888888999999999818e+00,7.777777699999998795e+00,5.456349000000000338e-01,-1.121818200000000099e+00,0.000000000000000000e+00
1.450000000000000000e+02,1.020000000000000000e+02,9.000000000000000000e+00,0.000000000000000000e+00,0.000000000000000000e+00,8.888886599999999971e-01,6.074083000000000121e-01,2.611111000000000182e+00,1.485185699999999942e+00,2.307407399999999953e+01,2.211111000000000004e+01,2.977777899999999889e+01,1.733333400000000069e+01,-2.888888800000000145e+00,2.011111000000000004e+01,-1.722222100000000111e+01,2.977777899999999889e+01,4.177625799999999945e-01,-1.685440400000000061e+00,0.000000000000000000e+00
2.290000000000000000e+02,1.240000000000000000e+02,9.000000000000000000e+00,0.000000000000000000e+00,0.000000000000000000e+00,8.888890000000000402e-01,7.407398499999998109e-02,8.888888999999999818e-01,3.407407000000000075e-01,5.888888999999999818e+00,7.111111000000000182e+00,7.111111000000000182e+00,3.444444400000000073e+00,3.666666699999999945e+00,3.666666699999999945e+00,-7.333333500000000171e+00,7.555555299999999974e+00,5.458553999999999906e-01,-1.037662600000000213e+00,0.000000000000000000e+00
1.210000000000000000e+02,6.000000000000000000e+01,9.000000000000000000e+00,0.000000000000000000e+00,0.000000000000000000e+00,2.277778000000000080e+00,2.329629000000000172e+00,2.888888999999999818e+00,2.874074199999999912e+00,2.674073999999999884e+01,2.466666599999999931e+01,3.522222000000000008e+01,2.033333400000000069e+01,-6.222222300000000317e+00,2.544444500000000176e+01,-1.922222100000000111e+01,3.522222000000000008e+01,4.223002000000000145e-01,-1.776113000000000053e+00,0.000000000000000000e+00
3.900000000000000000e+01,1.110000000000000000e+02,9.000000000000000000e+00,0.000000000000000000e+00,0.000000000000000000e+00,7.222222700000000550e-01,3.740741599999999889e-01,8.888888999999999818e-01,4.296294999999999975e-01,6.037036999999999765e+00,7.000000000000000000e+00,7.666666499999999829e+00,3.444444400000000073e+00,2.888888800000000145e+00,4.888888999999999818e+00,-7.777777699999998795e+00,7.888888999999999818e+00,5.629188400000000314e-01,-1.175772500000000109e+00,0.000000000000000000e+00
8.500000000000000000e+01,1.010000000000000000e+02,9.000000000000000000e+00,0.000000000000000000e+00,0.000000000000000000e+00,1.333333399999999891e+00,1.288888100000000092e+00,1.277777699999999905e+00,1.218518100000000048e+00,2.129629699999999914e+01,2.122222100000000111e+01,2.677777899999999889e+01,1.588888900000000071e+01,-2.222222199999999981e-01,1.644444500000000176e+01,-1.622222100000000111e+01,2.677777899999999889e+01,4.047921999999999909e-01,-1.558599199999999962e+00,0.000000000000000000e+00
1.070000000000000000e+02,2.100000000000000000e+01,9.000000000000000000e+00,0.000000000000000000e+00,0.000000000000000000e+00,6.666615599999999864e-01,5.163978299999999466e-01,1.166666600000000109e+00,4.082483000000000084e-01,1.267777800000000070e+02,1.157777800000000070e+02,1.418888900000000035e+02,1.226666639999999973e+02,-3.300000000000000000e+01,4.533333199999999863e+01,-1.233333299999999966e+01,1.418888900000000035e+02,1.840218899999999935e-01,-2.370371800000000029e+00,1.000000000000000000e+00
1.030000000000000000e+02,6.400000000000000000e+01,9.000000000000000000e+00,0.000000000000000000e+00,0.000000000000000000e+00,6.666666999999999454e-01,6.992053999999999769e-01,1.333330799999999927e+00,9.189359499999999459e-01,1.087777800000000070e+02,9.633333600000000274e+01,1.262222199999999930e+02,1.037777800000000070e+02,-3.733333199999999863e+01,5.233333199999999863e+01,-1.500000000000000000e+01,1.262222199999999930e+02,2.367968000000000017e-01,-2.355442500000000106e+00,1.000000000000000000e+00
1.250000000000000000e+02,4.600000000000000000e+01,9.000000000000000000e+00,1.111111100000000129e-01,0.000000000000000000e+00,6.111094400000000038e-01,6.116158400000000217e-01,2.166668000000000038e+00,7.817351999999998524e-01,1.245555600000000283e+02,1.127777800000000070e+02,1.410000000000000000e+02,1.198888850000000019e+02,-3.533333199999999863e+01,4.933333199999999863e+01,-1.400000000000000000e+01,1.410000000000000000e+02,2.001237600000000116e-01,-2.357688000000000006e+00,1.000000000000000000e+00
1.520000000000000000e+02,1.800000000000000000e+01,9.000000000000000000e+00,0.000000000000000000e+00,0.000000000000000000e+00,7.777773999999999521e-01,4.554218999999999906e-01,5.555572500000000025e-01,2.721643999999999730e-01,1.121111149999999981e+02,9.722221999999999298e+01,1.304444399999999860e+02,1.086666639999999973e+02,-4.466666800000000137e+01,5.500000000000000000e+01,-1.033333299999999966e+01,1.304444399999999860e+02,2.546684000000000170e-01,-2.454979999999999940e+00,1.000000000000000000e+00
1.240000000000000000e+02,2.900000000000000000e+01,9.000000000000000000e+00,0.000000000000000000e+00,0.000000000000000000e+00,1.000001300000000093e+00,7.111075999999999508e-01,1.055553399999999975e+00,9.074166400000002186e-01,1.284444399999999860e+02,1.192222199999999930e+02,1.428888900000000035e+02,1.232222199999999930e+02,-2.766666599999999931e+01,4.333333199999999863e+01,-1.566666700000000034e+01,1.428888900000000035e+02,1.656161399999999950e-01,-2.271128000000000036e+00,1.000000000000000000e+00
7.000000000000000000e+00,1.800000000000000000e+01,9.000000000000000000e+00,0.000000000000000000e+00,0.000000000000000000e+00,1.277778599999999987e+00,7.296264999999998446e-01,9.444453000000000431e-01,3.740791399999999767e-01,1.386296199999999885e+02,1.333333399999999926e+02,1.475555600000000140e+02,1.350000000000000000e+02,-1.588888900000000071e+01,2.677777899999999889e+01,-1.088888900000000071e+01,1.475555600000000140e+02,9.635223399999999494e-02,-2.214611500000000177e+00,1.000000000000000000e+00
6.700000000000000000e+01,1.360000000000000000e+02,9.000000000000000000e+00,0.000000000000000000e+00,0.000000000000000000e+00,6.722222999999999615e+00,3.708348800000000001e+00,2.666666699999999945e+00,3.197221299999999822e+00,1.551851800000000026e+01,9.000000000000000000e+00,2.533333400000000069e+01,1.222222200000000036e+01,-1.955555499999999824e+01,2.944444500000000176e+01,-9.888889000000000706e+00,2.533333400000000069e+01,6.608130300000000235e-01,-2.307510900000000031e+00,2.000000000000000000e+00
2.300000000000000000e+01,1.290000000000000000e+02,9.000000000000000000e+00,0.000000000000000000e+00,0.000000000000000000e+00,5.000000000000000000e-01,7.777779499999998292e-02,3.888888699999999976e-01,1.518518600000000052e-01,5.185184999999999933e-01,0.000000000000000000e+00,1.555555599999999927e+00,0.000000000000000000e+00,-1.555555599999999927e+00,3.111111199999999855e+00,-1.555555599999999927e+00,1.555555599999999927e+00,7.777777999999998526e-01,-2.094395200000000123e+00,2.000000000000000000e+00
1.030000000000000000e+02,1.250000000000000000e+02,9.000000000000000000e+00,0.000000000000000000e+00,0.000000000000000000e+00,9.444445000000000201e-01,8.277591499999999991e-01,8.333334300000000416e-01,6.912146000000000123e-01,1.777777799999999964e+00,4.444444499999999909e-01,3.888888800000000145e+00,1.000000000000000000e+00,-4.000000000000000000e+00,6.333333500000000171e+00,-2.333333300000000055e+00,3.888888800000000145e+00,9.238094999999999501e-01,-2.237561700000000098e+00,2.000000000000000000e+00
1.010000000000000000e+02,1.210000000000000000e+02,9.000000000000000000e+00,1.111111100000000129e-01,0.000000000000000000e+00,6.666666999999999454e-01,8.432739999999998570e-01,1.500000000000000000e+00,8.881939599999999491e-01,3.407407500000000145e+00,1.111111200000000077e+00,6.000000000000000000e+00,3.111111199999999855e+00,-6.888888999999999818e+00,7.777777699999998795e+00,-8.888888999999999818e-01,6.000000000000000000e+00,8.435184999999999489e-01,-2.519164799999999982e+00,2.000000000000000000e+00
1.800000000000000000e+01,8.700000000000000000e+01,9.000000000000000000e+00,0.000000000000000000e+00,0.000000000000000000e+00,1.555555500000000091e+00,1.962613200000000058e+00,1.888888700000000087e+00,1.746955199999999930e+00,2.925926000000000027e+00,1.222222200000000036e+00,5.666666499999999829e+00,1.888888799999999923e+00,-5.111111000000000182e+00,8.222222000000000364e+00,-3.111111199999999855e+00,5.666666499999999829e+00,8.627705599999998531e-01,-2.229493399999999959e+00,2.000000000000000000e+00
7.400000000000000000e+01,1.290000000000000000e+02,9.000000000000000000e+00,0.000000000000000000e+00,0.000000000000000000e+00,2.222222199999999981e-01,2.962963700000000034e-02,1.111111100000000129e-01,2.962963500000000139e-02,5.185184999999999933e-01,0.000000000000000000e+00,1.555555599999999927e+00,0.000000000000000000e+00,-1.555555599999999927e+00,3.111111199999999855e+00,-1.555555599999999927e+00,1.555555599999999927e+00,1.000000000000000000e+00,-2.094395200000000123e+00,2.000000000000000000e+00
1.870000000000000000e+02,8.000000000000000000e+01,9.000000000000000000e+00,0.000000000000000000e+00,0.000000000000000000e+00,1.333332699999999926e+00,7.111113999999999491e-01,1.333333399999999891e+00,7.111085999999999796e-01,4.051852000000000231e+01,3.777777999999999992e+01,4.766666800000000137e+01,3.611110999999999649e+01,-8.222222000000000364e+00,2.144444500000000176e+01,-1.322222200000000036e+01,4.766666800000000137e+01,2.447296800000000050e-01,-1.942698000000000036e+00,3.000000000000000000e+00
1.400000000000000000e+02,7.300000000000000000e+01,9.000000000000000000e+00,0.000000000000000000e+00,0.000000000000000000e+00,1.722221400000000013e+00,8.277598000000000456e-01,7.777773999999999521e-01,1.003695699999999968e+00,4.629629500000000064e+01,4.566666800000000137e+01,5.111110999999999649e+01,4.211110999999999649e+01,-1.888888799999999923e+00,1.444444499999999998e+01,-1.255555500000000002e+01,5.111110999999999649e+01,1.761555999999999955e-01,-1.681588899999999942e+00,3.000000000000000000e+00
7.900000000000000000e+01,2.800000000000000000e+01,9.000000000000000000e+00,0.000000000000000000e+00,0.000000000000000000e+00,4.277777000000000385e+00,3.761896099999999965e+00,8.333333000000000546e-01,6.582805999999999935e-01,6.240740600000000171e+01,5.344444299999999970e+01,7.911111499999999808e+01,5.466666800000000137e+01,-2.688888999999999996e+01,5.011110999999999649e+01,-2.322222100000000111e+01,7.911111499999999808e+01,3.245557800000000159e-01,-2.144507400000000175e+00,3.000000000000000000e+00
2.170000000000000000e+02,1.480000000000000000e+02,9.000000000000000000e+00,0.000000000000000000e+00,0.000000000000000000e+00,2.055555599999999927e+00,2.551854000000000067e+00,1.055555299999999974e+00,5.074077999999999644e-01,2.907407399999999953e+01,2.144444500000000176e+01,4.155555700000000030e+01,2.422222100000000111e+01,-2.288888999999999996e+01,3.744444299999999970e+01,-1.455555500000000002e+01,4.155555700000000030e+01,4.837708000000000008e-01,-2.237971500000000002e+00,3.000000000000000000e+00
1.900000000000000000e+02,1.050000000000000000e+02,9.000000000000000000e+00,0.000000000000000000e+00,0.000000000000000000e+00,1.888889299999999993e+00,2.296298300000000125e+00,2.166666000000000203e+00,1.677779700000000096e+00,4.574074000000000240e+01,4.122222000000000008e+01,5.633333199999999863e+01,3.966666800000000137e+01,-1.355555500000000002e+01,3.177777899999999889e+01,-1.822222100000000111e+01,5.633333199999999863e+01,2.959918400000000061e-01,-1.996081800000000017e+00,3.000000000000000000e+00
2.300000000000000000e+02,1.170000000000000000e+02,9.000000000000000000e+00,0.000000000000000000e+00,0.000000000000000000e+00,3.277778599999999987e+00,9.289579399999999820e-01,1.444443300000000097e+00,8.606632400000000516e-01,3.903703699999999799e+01,3.355555700000000030e+01,4.977777999999999992e+01,3.377777999999999992e+01,-1.644444500000000176e+01,3.222222000000000008e+01,-1.577777799999999964e+01,4.977777999999999992e+01,3.350258799999999981e-01,-2.106234800000000185e+00,3.000000000000000000e+00
5.800000000000000000e+01,1.130000000000000000e+02,9.000000000000000000e+00,0.000000000000000000e+00,0.000000000000000000e+00,3.444444700000000026e+00,1.223231799999999980e+00,7.222222999999999837e-01,3.896818200000000121e-01,2.085185200000000094e+01,1.688888999999999996e+01,2.844444500000000176e+01,1.722222299999999962e+01,-1.188888900000000071e+01,2.277777899999999889e+01,-1.088888900000000071e+01,2.844444500000000176e+01,4.148071999999999870e-01,-2.125692599999999821e+00,4.000000000000000000e+00
2.520000000000000000e+02,1.370000000000000000e+02,9.000000000000000000e+00,0.000000000000000000e+00,0.000000000000000000e+00,8.888888400000000134e-01,5.443310000000000093e-01,6.111111000000000182e-01,7.123253299999999788e-01,7.407407000000000297e-01,3.333333399999999780e-01,1.777777799999999964e+00,1.111111100000000129e-01,-1.222222200000000036e+00,3.111111199999999855e+00,-1.888888799999999923e+00,1.777777799999999964e+00,7.500000000000000000e-01,-2.007606299999999955e+00,4.000000000000000000e+00
1.420000000000000000e+02,1.110000000000000000e+02,9.000000000000000000e+00,0.000000000000000000e+00,0.000000000000000000e+00,1.111111299999999913e+00,4.554198700000000044e-01,5.555553399999999531e-01,3.442649199999999743e-01,2.874073999999999884e+01,2.455555499999999824e+01,3.588889000000000351e+01,2.577777899999999889e+01,-1.255555500000000002e+01,2.144444500000000176e+01,-8.888889000000000706e+00,3.588889000000000351e+01,3.154837200000000230e-01,-2.202667200000000047e+00,4.000000000000000000e+00
1.890000000000000000e+02,1.410000000000000000e+02,9.000000000000000000e+00,0.000000000000000000e+00,0.000000000000000000e+00,0.000000000000000000e+00,0.000000000000000000e+00,0.000000000000000000e+00,0.000000000000000000e+00,0.000000000000000000e+00,0.000000000000000000e+00,0.000000000000000000e+00,0.000000000000000000e+00,0.000000000000000000e+00,0.000000000000000000e+00,0.000000000000000000e+00,0.000000000000000000e+00,0.000000000000000000e+00,0.000000000000000000e+00,4.000000000000000000e+00
2.430000000000000000e+02,9.400000000000000000e+01,9.000000000000000000e+00,0.000000000000000000e+00,0.000000000000000000e+00,6.666665999999999981e-01,3.111111200000000188e-01,2.222222100000000033e-01,2.962963100000000002e-02,1.185185200000000050e+00,2.222222199999999981e-01,3.222222299999999873e+00,1.111111100000000129e-01,-2.888888800000000145e+00,6.111111000000000182e+00,-3.222222299999999873e+00,3.222222299999999873e+00,9.777778000000000302e-01,-2.071241600000000016e+00,4.000000000000000000e+00
1.520000000000000000e+02,1.550000000000000000e+02,9.000000000000000000e+00,0.000000000000000000e+00,0.000000000000000000e+00,5.000000000000000000e-01,6.111110400000000498e-01,1.077777799999999964e+01,1.318073899999999981e+02,7.296295999999999893e+00,5.333333500000000171e+00,1.100000000000000000e+01,5.555555299999999974e+00,-5.888888999999999818e+00,1.111111099999999929e+01,-5.222222300000000317e+00,1.100000000000000000e+01,5.000000000000000000e-01,-2.115566999999999975e+00,4.000000000000000000e+00
1.370000000000000000e+02,1.820000000000000000e+02,9.000000000000000000e+00,0.000000000000000000e+00,0.000000000000000000e+00,1.833333399999999891e+00,3.855555299999999797e+00,3.611110699999999785e+00,9.218522000000000105e+00,3.492592599999999692e+01,3.144444500000000176e+01,4.288889000000000351e+01,3.044444500000000176e+01,-1.044444500000000176e+01,2.388888999999999996e+01,-1.344444500000000353e+01,4.288889000000000351e+01,2.857561699999999760e-01,-2.001124599999999809e+00,5.000000000000000000e+00
1.780000000000000000e+02,1.850000000000000000e+02,9.000000000000000000e+00,0.000000000000000000e+00,0.000000000000000000e+00,2.611111900000000041e+00,1.806367599999999962e+00,3.111111399999999971e+00,2.277100799999999925e+00,4.903703699999999799e+01,4.400000000000000000e+01,6.066666800000000137e+01,4.244444299999999970e+01,-1.511111099999999929e+01,3.488889000000000351e+01,-1.977777899999999889e+01,6.066666800000000137e+01,3.000361599999999962e-01,-2.006186000000000025e+00,5.000000000000000000e+00
2.500000000000000000e+02,1.760000000000000000e+02,9.000000000000000000e+00,0.000000000000000000e+00,1.111111100000000129e-01,1.611112000000000100e+00,1.062839899999999949e+00,3.444443999999999839e+00,1.695309200000000072e+00,5.366666800000000137e+01,4.711110999999999649e+01,6.766666999999999632e+01,4.622222000000000008e+01,-1.966666599999999931e+01,4.200000000000000000e+01,-2.233333400000000069e+01,6.766666999999999632e+01,3.181372000000000089e-01,-2.052258300000000091e+00,5.000000000000000000e+00
4.000000000000000000e+00,1.890000000000000000e+02,9.000000000000000000e+00,0.000000000000000000e+00,0.000000000000000000e+00,2.055556499999999787e+00,3.885185200000000005e+00,1.172222099999999934e+01,1.145963399999999979e+02,2.644444500000000176e+01,2.344444500000000176e+01,3.300000000000000000e+01,2.288888999999999996e+01,-9.000000000000000000e+00,1.966666599999999931e+01,-1.066666700000000034e+01,3.300000000000000000e+01,2.714725700000000241e-01,-2.101001699999999861e+00,5.000000000000000000e+00
8.600000000000000000e+01,1.970000000000000000e+02,9.000000000000000000e+00,1.111111100000000129e-01,1.111111100000000129e-01,1.611112000000000100e+00,1.451690699999999890e+00,1.277778599999999987e+00,1.103864699999999921e+00,6.322222000000000008e+01,5.622222000000000008e+01,7.777778000000000702e+01,5.566666800000000137e+01,-2.100000000000000000e+01,4.366666800000000137e+01,-2.266666599999999931e+01,7.777778000000000702e+01,2.853326199999999813e-01,-2.068020000000000191e+00,5.000000000000000000e+00
2.020000000000000000e+02,1.930000000000000000e+02,9.000000000000000000e+00,0.000000000000000000e+00,0.000000000000000000e+00,1.111112000000000100e+00,7.503075000000000161e-01,3.388888099999999959e+00,2.489236000000000004e+00,4.170370499999999936e+01,3.788889000000000351e+01,5.066666800000000137e+01,3.655555700000000030e+01,-1.144444500000000176e+01,2.688888999999999996e+01,-1.544444499999999998e+01,5.066666800000000137e+01,2.783866500000000133e-01,-1.992997499999999977e+00,5.000000000000000000e+00
2.320000000000000000e+02,1.750000000000000000e+02,9.000000000000000000e+00,0.000000000000000000e+00,0.000000000000000000e+00,1.166666900000000062e+00,6.236095400000000177e-01,2.833333300000000055e+00,2.167949199999999799e+00,1.537036999999999942e+01,1.244444500000000353e+01,1.355555500000000002e+01,2.011111000000000004e+01,-8.777777999999997860e+00,-5.444444700000000026e+00,1.422222200000000036e+01,2.011111000000000004e+01,3.874123400000000217e-01,2.242195800000000183e+00,6.000000000000000000e+00
5.200000000000000000e+01,1.700000000000000000e+02,9.000000000000000000e+00,0.000000000000000000e+00,0.000000000000000000e+00,5.555556400000000172e-01,4.554200999999999944e-01,9.444443599999999828e-01,3.896826199999999796e-01,2.544444500000000176e+01,2.011111000000000004e+01,2.533333400000000069e+01,3.088888999999999996e+01,-1.600000000000000000e+01,-3.333333399999999780e-01,1.633333400000000069e+01,3.088888999999999996e+01,3.491116799999999798e-01,2.604013199999999806e+00,6.000000000000000000e+00
7.200000000000000000e+01,1.910000000000000000e+02,9.000000000000000000e+00,1.111111100000000129e-01,0.000000000000000000e+00,1.277777699999999905e+00,5.074075000000000113e-01,3.111111399999999971e+00,4.607406600000000019e+00,1.518518500000000060e+01,1.211111099999999929e+01,1.488888900000000071e+01,1.855555499999999824e+01,-9.222222000000000364e+00,-8.888888999999999818e-01,1.011111099999999929e+01,1.855555499999999824e+01,3.503698000000000090e-01,2.545329000000000175e+00,6.000000000000000000e+00
6.200000000000000000e+01,2.230000000000000000e+02,9.000000000000000000e+00,0.000000000000000000e+00,0.000000000000000000e+00,2.500000000000000000e+00,5.722222999999999615e+00,1.666666600000000109e+00,2.444444199999999956e+00,6.666666499999999829e+00,4.888888999999999818e+00,4.666667000000000343e+00,1.044444500000000176e+01,-5.333333500000000171e+00,-6.000000000000000000e+00,1.133333299999999966e+01,1.044444500000000176e+01,5.931497999999999493e-01,2.046587699999999899e+00,6.000000000000000000e+00
8.900000000000000000e+01,2.210000000000000000e+02,9.000000000000000000e+00,0.000000000000000000e+00,0.000000000000000000e+00,1.388888799999999923e+00,1.485184800000000083e+00,1.444444499999999909e+00,1.585186200000000101e+00,1.407407399999999953e+01,1.066666700000000034e+01,1.244444500000000353e+01,1.911111000000000004e+01,-1.022222200000000036e+01,-4.888888999999999818e+00,1.511111099999999929e+01,1.911111000000000004e+01,4.460115399999999841e-01,2.317211900000000213e+00,6.000000000000000000e+00
2.080000000000000000e+02,2.400000000000000000e+02,9.000000000000000000e+00,1.111111100000000129e-01,0.000000000000000000e+00,1.055555699999999986e+00,8.629632600000000098e-01,2.444444400000000073e+00,5.007406999999999719e+00,1.414814900000000009e+01,1.088888900000000071e+01,1.300000000000000000e+01,1.855555499999999824e+01,-9.777777999999999636e+00,-3.444444400000000073e+00,1.322222200000000036e+01,1.855555499999999824e+01,4.216209699999999838e-01,2.392487299999999983e+00,6.000000000000000000e+00
