1.800000000000000000e+01,1.380000000000000000e+02,9.000000000000000000e+00,0.000000000000000000e+00,0.000000000000000000e+00,8.888888400000000134e-01,5.629629000000000438e-01,8.333332500000000254e-01,2.999998600000000071e-01,5.740740999999999872e+00,7.333333500000000171e+00,6.555555299999999974e+00,3.333333300000000055e+00,4.777777699999999683e+00,2.444444400000000073e+00,-7.222222300000000317e+00,7.333333500000000171e+00,5.438711999999999991e-01,-8.621077000000000323e-01,0.000000000000000000e+00
2.200000000000000000e+01,1.160000000000000000e+02,9.000000000000000000e+00,0.000000000000000000e+00,0.000000000000000000e+00,3.888887500000000053e-01,1.074074099999999948e-01,3.333332500000000254e-01,1.333333399999999946e-01,5.629629600000000345e+00,6.777777699999999683e+00,7.000000000000000000e+00,3.111111199999999855e+00,3.444444400000000073e+00,4.111111000000000182e+00,-7.555555299999999974e+00,7.333333500000000171e+00,5.753968400000000205e-01,-1.099623699999999982e+00,0.000000000000000000e+00
1.200000000000000000e+02,1.360000000000000000e+02,9.000000000000000000e+00,0.000000000000000000e+00,0.000000000000000000e+00,6.111111599999999866e-01,4.185187000000000213e-01,1.000000100000000058e+00,4.444444000000000172e-01,6.259259000000000128e+00,7.777777699999998795e+00,7.222222300000000317e+00,3.777777700000000127e+00,4.555555299999999974e+00,2.888888800000000145e+00,-7.444444700000000026e+00,8.000000000000000000e+00,5.295414299999999796e-01,-9.246065599999999662e-01,0.000000000000000000e+00
3.400000000000000000e+01,1.370000000000000000e+02,9.000000000000000000e+00,0.000000000000000000e+00,0.000000000000000000e+00,5.000002000000000058e-01,1.666667300000000129e-01,1.111110999999999960e+00,4.740741800000000117e-01,5.851852000000000054e+00,7.777777699999998795e+00,6.444444700000000026e+00,3.333333300000000055e+00,5.777777699999999683e+00,1.777777799999999964e+00,-7.555555299999999974e+00,7.777777699999998795e+00,5.736331300000000466e-01,-7.442716400000000121e-01,0.000000000000000000e+00
1.100000000000000000e+01,1.080000000000000000e+02,9.000000000000000000e+00,0.000000000000000000e+00,0.000000000000000000e+00,1.333333499999999949e+00,8.000002499999998573e-01,1.388888799999999923e+00,9.518516700000000386e-01,1.766666599999999931e+01,1.900000000000000000e+01,2.111111000000000004e+01,1.288888900000000071e+01,4.000000000000000000e+00,1.033333299999999966e+01,-1.433333299999999966e+01,2.111111000000000004e+01,3.887564499999999756e-01,-1.302133299999999938e+00,0.000000000000000000e+00
1.400000000000000000e+01,1.100000000000000000e+02,9.000000000000000000e+00,0.000000000000000000e+00,0.000000000000000000e+00,1.722222399999999931e+00,5.351850500000000288e+00,2.666666699999999945e+00,1.022222900000000045e+00,1.792592600000000047e+01,1.888888999999999996e+01,2.144444500000000176e+01,1.344444500000000353e+01,2.888888800000000145e+00,1.055555500000000002e+01,-1.344444500000000353e+01,2.144444500000000176e+01,3.688483200000000073e-01,-1.345095600000000058e+00,0.000000000000000000e+00
1.790000000000000000e+02,1.010000000000000000e+02,9.000000000000000000e+00,0.000000000000000000e+00,0.000000000000000000e+00,4.444478499999999777e-01,3.851871000000000045e-01,6.111094400000000038e-01,3.296328199999999931e-01,1.349259199999999908e+02,1.264444400000000002e+02,1.472222299999999962e+02,1.311111099999999965e+02,-2.544444500000000176e+01,3.688889000000000351e+01,-1.144444500000000176e+01,1.472222299999999962e+02,1.411067199999999910e-01,-2.328734600000000210e+00,1.000000000000000000e+00
6.700000000000000000e+01,3.200000000000000000e+01,9.000000000000000000e+00,0.000000000000000000e+00,0.000000000000000000e+00,9.444439999999999502e-01,1.062842099999999901e+00,1.777778599999999987e+00,1.310921500000000073e+00,1.262222199999999930e+02,1.151111149999999981e+02,1.422222299999999962e+02,1.213333360000000027e+02,-3.333333199999999863e+01,4.800000000000000000e+01,-1.466666700000000034e+01,1.422222299999999962e+02,1.906250399999999956e-01,-2.333746000000000098e+00,1.000000000000000000e+00
1.120000000000000000e+02,3.000000000000000000e+01,9.000000000000000000e+00,0.000000000000000000e+00,0.000000000000000000e+00,5.555572500000000025e-01,2.721643999999999730e-01,1.222222700000000106e+00,7.200824999999999587e-01,1.132592599999999976e+02,1.007777800000000070e+02,1.301111099999999965e+02,1.088888850000000019e+02,-3.744444299999999970e+01,5.055555700000000030e+01,-1.311111099999999929e+01,1.301111099999999965e+02,2.253837599999999886e-01,-2.385307599999999972e+00,1.000000000000000000e+00
2.280000000000000000e+02,2.000000000000000000e+01,9.000000000000000000e+00,0.000000000000000000e+00,0.000000000000000000e+00,1.055554700000000068e+00,4.906551800000000241e-01,8.333333000000000546e-01,7.527732999999998675e-01,1.250000000000000000e+02,1.140000000000000000e+02,1.405555600000000140e+02,1.204444400000000002e+02,-3.300000000000000000e+01,4.666666800000000137e+01,-1.366666700000000034e+01,1.405555600000000140e+02,1.888916599999999890e-01,-2.348005999999999815e+00,1.000000000000000000e+00
1.880000000000000000e+02,4.200000000000000000e+01,9.000000000000000000e+00,0.000000000000000000e+00,0.000000000000000000e+00,7.777785999999999866e-01,5.443299000000000332e-01,1.666667899999999980e+00,1.264908099999999980e+00,1.089259299999999939e+02,9.566666399999999726e+01,1.262222199999999930e+02,1.048888850000000019e+02,-3.977777999999999992e+01,5.188889000000000351e+01,-1.211111099999999929e+01,1.262222199999999930e+02,2.419340500000000116e-01,-2.410387800000000080e+00,1.000000000000000000e+00
4.400000000000000000e+01,7.900000000000000000e+01,9.000000000000000000e+00,0.000000000000000000e+00,0.000000000000000000e+00,4.444440299999999899e-01,3.442648600000000059e-01,7.777785999999999866e-01,4.036864000000000008e-01,1.077407400000000024e+02,9.388888500000000192e+01,1.265555600000000283e+02,1.027777800000000070e+02,-4.155555700000000030e+01,5.644444299999999970e+01,-1.488888900000000071e+01,1.265555600000000283e+02,2.580791000000000057e-01,-2.377965199999999779e+00,1.000000000000000000e+00
6.800000000000000000e+01,1.030000000000000000e+02,9.000000000000000000e+00,0.000000000000000000e+00,0.000000000000000000e+00,6.666667499999999746e-01,5.777777400000000396e-01,1.111110999999999960e+00,9.629633399999999455e-01,2.148147999999999946e+00,1.111111100000000129e-01,5.666666499999999829e+00,6.666666999999999454e-01,-6.111111000000000182e+00,1.055555500000000002e+01,-4.444444700000000026e+00,5.666666499999999829e+00,9.876542999999999850e-01,-2.185465799999999792e+00,2.000000000000000000e+00
2.310000000000000000e+02,1.240000000000000000e+02,9.000000000000000000e+00,0.000000000000000000e+00,0.000000000000000000e+00,3.444444700000000026e+00,1.496296500000000052e+01,1.833333399999999891e+00,6.433335300000000423e+00,3.000000000000000000e+00,1.444444400000000073e+00,5.888888999999999818e+00,1.666666600000000109e+00,-4.666666499999999829e+00,8.666667000000000343e+00,-4.000000000000000000e+00,5.888888999999999818e+00,8.953689999999998594e-01,-2.118936999999999848e+00,2.000000000000000000e+00
1.400000000000000000e+02,1.250000000000000000e+02,9.000000000000000000e+00,0.000000000000000000e+00,0.000000000000000000e+00,6.666665699999999584e-01,2.222222699999999995e-01,2.666666699999999945e+00,3.777778099999999917e+00,3.925926000000000027e+00,1.555555599999999927e+00,7.777777699999998795e+00,2.444444400000000073e+00,-7.111111000000000182e+00,1.155555500000000002e+01,-4.444444700000000026e+00,7.777777699999998795e+00,8.531986499999999474e-01,-2.234240799999999805e+00,2.000000000000000000e+00
9.400000000000000000e+01,1.440000000000000000e+02,9.000000000000000000e+00,0.000000000000000000e+00,0.000000000000000000e+00,4.444444200000000067e-01,1.185184940000000020e-01,4.999999700000000158e-01,1.666667000000000010e-01,1.148148200000000063e+00,0.000000000000000000e+00,3.444444400000000073e+00,0.000000000000000000e+00,-3.444444400000000073e+00,6.888888999999999818e+00,-3.444444400000000073e+00,3.444444400000000073e+00,1.000000000000000000e+00,-2.094395200000000123e+00,2.000000000000000000e+00
4.500000000000000000e+01,8.900000000000000000e+01,9.000000000000000000e+00,0.000000000000000000e+00,0.000000000000000000e+00,7.777777000000000163e-01,3.407409000000000132e-01,7.777777299999999450e-01,4.740739800000000059e-01,2.296296400000000126e+00,1.111111100000000129e-01,6.444444700000000026e+00,3.333333399999999780e-01,-6.555555299999999974e+00,1.244444500000000353e+01,-5.888888999999999818e+00,6.444444700000000026e+00,9.861111000000000182e-01,-2.123904700000000201e+00,2.000000000000000000e+00
6.900000000000000000e+01,1.390000000000000000e+02,9.000000000000000000e+00,0.000000000000000000e+00,0.000000000000000000e+00,2.833332799999999985e+00,1.773258800000000024e+00,2.111111199999999855e+00,1.668887100000000068e+00,1.807407399999999953e+01,1.600000000000000000e+01,2.255555499999999824e+01,1.566666700000000034e+01,-6.222222300000000317e+00,1.344444500000000353e+01,-7.222222300000000317e+00,2.388888999999999996e+01,3.866118199999999949e-01,-1.702833400000000053e+00,2.000000000000000000e+00
1.630000000000000000e+02,6.800000000000000000e+01,9.000000000000000000e+00,0.000000000000000000e+00,0.000000000000000000e+00,1.833334000000000019e+00,2.211110000000000131e+00,1.555555900000000102e+00,9.629628700000000263e-01,5.677777999999999992e+01,5.200000000000000000e+01,6.822221999999999298e+01,5.011110999999999649e+01,-1.433333299999999966e+01,3.433333199999999863e+01,-2.000000000000000000e+01,6.822221999999999298e+01,2.650527699999999931e-01,-1.984307800000000066e+00,3.000000000000000000e+00
1.410000000000000000e+02,1.700000000000000000e+01,9.000000000000000000e+00,1.111111100000000129e-01,2.222222199999999981e-01,3.722222599999999826e+00,4.449302699999999611e+00,5.000000000000000000e+00,2.319004000000000065e+00,4.459259399999999829e+01,4.033333600000000274e+01,5.400000000000000000e+01,3.944444299999999970e+01,-1.277777799999999964e+01,2.822222100000000111e+01,-1.544444499999999998e+01,5.400000000000000000e+01,2.681859400000000115e-01,-2.030047999999999853e+00,3.000000000000000000e+00
1.400000000000000000e+01,1.460000000000000000e+02,9.000000000000000000e+00,1.111111100000000129e-01,0.000000000000000000e+00,8.888890000000000402e-01,4.740737999999999897e-01,1.111111200000000077e+00,7.407407000000000297e-01,1.059259199999999979e+01,8.000000000000000000e+00,1.566666700000000034e+01,8.111112000000000322e+00,-7.777777699999998795e+00,1.522222200000000036e+01,-7.444444700000000026e+00,1.566666700000000034e+01,4.878642599999999940e-01,-2.108910799999999863e+00,3.000000000000000000e+00
6.600000000000000000e+01,1.600000000000000000e+02,9.000000000000000000e+00,0.000000000000000000e+00,0.000000000000000000e+00,3.000000700000000187e+00,4.044446999999999903e+00,2.777778000000000080e+00,4.296294999999999975e-01,2.285185200000000094e+01,1.822222100000000111e+01,3.155555499999999824e+01,1.877777899999999889e+01,-1.388888900000000071e+01,2.611111000000000004e+01,-1.222222200000000036e+01,3.155555499999999824e+01,4.260139000000000009e-01,-2.138725800000000010e+00,3.000000000000000000e+00
2.430000000000000000e+02,1.200000000000000000e+02,9.000000000000000000e+00,0.000000000000000000e+00,0.000000000000000000e+00,4.444444700000000026e+00,4.359748999999999874e+00,1.555554700000000068e+00,1.833838700000000044e+00,4.785185200000000094e+01,4.477777999999999992e+01,5.633333199999999863e+01,4.244444299999999970e+01,-9.222222000000000364e+00,2.544444500000000176e+01,-1.622222100000000111e+01,5.633333199999999863e+01,2.453212999999999921e-01,-1.910734900000000014e+00,3.000000000000000000e+00
1.910000000000000000e+02,1.010000000000000000e+02,9.000000000000000000e+00,0.000000000000000000e+00,0.000000000000000000e+00,1.111112000000000100e+00,7.793634999999999868e-01,1.111111299999999913e+00,1.186342000000000008e+00,4.503703699999999799e+01,3.900000000000000000e+01,5.711110999999999649e+01,3.900000000000000000e+01,-1.811111000000000004e+01,3.622222000000000008e+01,-1.811111000000000004e+01,5.711110999999999649e+01,3.227329899999999974e-01,-2.094302700000000073e+00,3.000000000000000000e+00
1.600000000000000000e+02,4.100000000000000000e+01,9.000000000000000000e+00,0.000000000000000000e+00,0.000000000000000000e+00,8.333333000000000546e-01,8.096638000000000446e-01,2.222222500000000101e-01,1.721325800000000072e-01,7.037037000000000431e-01,5.555556000000000383e-01,1.222222200000000036e+00,3.333333399999999780e-01,-4.444444499999999909e-01,1.555555599999999927e+00,-1.111111200000000077e+00,1.222222200000000036e+00,5.370369999999999866e-01,-1.845120499999999941e+00,4.000000000000000000e+00
2.390000000000000000e+02,9.300000000000000000e+01,9.000000000000000000e+00,0.000000000000000000e+00,0.000000000000000000e+00,3.444443999999999839e+00,1.349630100000000077e+01,1.055555500000000091e+00,8.629623699999998676e-01,1.440740800000000021e+01,9.888889000000000706e+00,2.288888999999999996e+01,1.044444500000000176e+01,-1.355555500000000002e+01,2.544444500000000176e+01,-1.188888900000000071e+01,2.288888999999999996e+01,5.770023499999999972e-01,-2.137493399999999877e+00,4.000000000000000000e+00
2.000000000000000000e+01,1.340000000000000000e+02,9.000000000000000000e+00,0.000000000000000000e+00,0.000000000000000000e+00,6.666666999999999454e-01,8.888899499999999843e-02,6.111111599999999866e-01,2.407407199999999914e-01,2.962962899999999955e+00,1.111111200000000077e+00,6.444444700000000026e+00,1.333333399999999891e+00,-5.555555299999999974e+00,1.044444500000000176e+01,-4.888888999999999818e+00,6.444444700000000026e+00,8.292327999999999921e-01,-2.133094999999999963e+00,4.000000000000000000e+00
2.100000000000000000e+02,1.530000000000000000e+02,9.000000000000000000e+00,0.000000000000000000e+00,0.000000000000000000e+00,0.000000000000000000e+00,0.000000000000000000e+00,0.000000000000000000e+00,0.000000000000000000e+00,0.000000000000000000e+00,0.000000000000000000e+00,0.000000000000000000e+00,0.000000000000000000e+00,0.000000000000000000e+00,0.000000000000000000e+00,0.000000000000000000e+00,0.000000000000000000e+00,0.000000000000000000e+00,0.000000000000000000e+00,4.000000000000000000e+00
4.300000000000000000e+01,1.520000000000000000e+02,9.000000000000000000e+00,0.000000000000000000e+00,0.000000000000000000e+00,1.944444499999999909e+00,1.707408199999999932e+00,1.222222200000000036e+00,8.296299000000000312e-01,1.518518599999999941e+00,1.000000000000000000e+00,2.888888800000000145e+00,6.666666999999999454e-01,-1.555555599999999927e+00,4.111111000000000182e+00,-2.555555599999999927e+00,2.888888800000000145e+00,6.486772299999999936e-01,-1.933238900000000093e+00,4.000000000000000000e+00
2.080000000000000000e+02,3.400000000000000000e+01,9.000000000000000000e+00,0.000000000000000000e+00,0.000000000000000000e+00,1.722222399999999931e+00,1.730981099999999939e+00,4.444445000000000201e-01,5.018483400000000039e-01,1.444444499999999998e+01,1.077777799999999964e+01,2.100000000000000000e+01,1.155555500000000002e+01,-1.100000000000000000e+01,1.966666599999999931e+01,-8.666667000000000343e+00,2.100000000000000000e+01,4.799579999999999957e-01,-2.162382599999999933e+00,4.000000000000000000e+00
1.120000000000000000e+02,1.970000000000000000e+02,9.000000000000000000e+00,0.000000000000000000e+00,0.000000000000000000e+00,4.222223299999999568e+00,2.993821099999999902e+00,4.944444700000000026e+00,3.122794600000000198e+00,5.033333199999999863e+01,4.466666800000000137e+01,6.222222000000000008e+01,4.411110999999999649e+01,-1.700000000000000000e+01,3.566666800000000137e+01,-1.866666599999999931e+01,6.222222000000000008e+01,2.963284899999999999e-01,-2.071220900000000142e+00,5.000000000000000000e+00
2.440000000000000000e+02,1.940000000000000000e+02,9.000000000000000000e+00,0.000000000000000000e+00,0.000000000000000000e+00,1.722221999999999920e+00,1.143420000000000103e+00,2.277778000000000080e+00,2.037609999999999921e+00,4.974074000000000240e+01,4.444444299999999970e+01,6.166666800000000137e+01,4.311110999999999649e+01,-1.588888900000000071e+01,3.577777999999999992e+01,-1.988888999999999996e+01,6.166666800000000137e+01,3.008530700000000002e-01,-2.021837500000000176e+00,5.000000000000000000e+00
8.600000000000000000e+01,1.930000000000000000e+02,9.000000000000000000e+00,0.000000000000000000e+00,0.000000000000000000e+00,3.277779300000000173e+00,1.652159300000000108e+00,2.222221999999999920e+00,1.809439699999999984e+00,6.140740600000000171e+01,5.366666800000000137e+01,7.655555999999999983e+01,5.400000000000000000e+01,-2.322222100000000111e+01,4.544444299999999970e+01,-2.222222100000000111e+01,7.655555999999999983e+01,2.995789600000000052e-01,-2.109374799999999883e+00,5.000000000000000000e+00
1.890000000000000000e+02,1.870000000000000000e+02,9.000000000000000000e+00,0.000000000000000000e+00,0.000000000000000000e+00,1.222222700000000106e+00,1.003697400000000073e+00,3.055555299999999974e+00,2.389019300000000179e+00,4.851852000000000231e+01,4.411110999999999649e+01,5.988889000000000351e+01,4.155555700000000030e+01,-1.322222200000000036e+01,3.411110999999999649e+01,-2.088888999999999996e+01,5.988889000000000351e+01,3.057545700000000033e-01,-1.947471500000000022e+00,5.000000000000000000e+00
2.050000000000000000e+02,1.900000000000000000e+02,9.000000000000000000e+00,0.000000000000000000e+00,0.000000000000000000e+00,1.277777299999999894e+00,9.981451999999999547e-01,1.611110700000000007e+00,1.123815800000000031e+00,4.948147999999999769e+01,4.477777999999999992e+01,6.066666800000000137e+01,4.300000000000000000e+01,-1.411111099999999929e+01,3.355555700000000030e+01,-1.944444500000000176e+01,6.066666800000000137e+01,2.907884399999999814e-01,-1.987598900000000057e+00,5.000000000000000000e+00
8.800000000000000000e+01,1.800000000000000000e+02,9.000000000000000000e+00,0.000000000000000000e+00,0.000000000000000000e+00,1.499999400000000094e+00,9.368982300000000540e-01,3.833331999999999962e+00,2.888675000000000104e+00,5.040740600000000171e+01,4.522222000000000008e+01,6.233333199999999863e+01,4.366666800000000137e+01,-1.555555500000000002e+01,3.577777999999999992e+01,-2.022222100000000111e+01,6.233333199999999863e+01,3.009182000000000246e-01,-2.008719199999999816e+00,5.000000000000000000e+00
1.970000000000000000e+02,2.360000000000000000e+02,9.000000000000000000e+00,0.000000000000000000e+00,0.000000000000000000e+00,2.444444400000000073e+00,6.829627999999999588e+00,3.333333300000000055e+00,7.599998000000000253e+00,1.607407399999999953e+01,1.311111099999999929e+01,1.666666800000000137e+01,1.844444500000000176e+01,-8.888889000000000706e+00,1.777777799999999964e+00,7.111111000000000182e+00,1.855555499999999824e+01,2.927288399999999902e-01,2.789800200000000174e+00,6.000000000000000000e+00
9.300000000000000000e+01,2.360000000000000000e+02,9.000000000000000000e+00,1.111111100000000129e-01,0.000000000000000000e+00,1.777777699999999905e+00,2.696296499999999874e+00,1.999999899999999942e+00,9.333333400000000113e-01,1.251851800000000026e+01,9.555555000000000021e+00,1.077777799999999964e+01,1.722222299999999962e+01,-8.888889000000000706e+00,-5.222222300000000317e+00,1.411111099999999929e+01,1.722222299999999962e+01,4.472465800000000047e-01,2.267197400000000140e+00,6.000000000000000000e+00
1.860000000000000000e+02,2.180000000000000000e+02,9.000000000000000000e+00,0.000000000000000000e+00,0.000000000000000000e+00,1.166666600000000109e+00,7.444442500000000296e-01,1.166666500000000051e+00,6.555550700000000175e-01,1.370370400000000011e+01,1.066666700000000034e+01,1.266666700000000034e+01,1.777777899999999534e+01,-9.111110999999999294e+00,-3.111111199999999855e+00,1.222222200000000036e+01,1.777777899999999534e+01,4.013468299999999878e-01,2.382683500000000176e+00,6.000000000000000000e+00
2.000000000000000000e+02,2.150000000000000000e+02,9.000000000000000000e+00,0.000000000000000000e+00,0.000000000000000000e+00,1.555555900000000102e+00,9.583940500000002194e-01,4.722222000000000364e+00,2.645051500000000111e+00,2.303703700000000154e+01,1.711111000000000004e+01,2.255555499999999824e+01,2.944444500000000176e+01,-1.777777899999999534e+01,-1.444444400000000073e+00,1.922222100000000111e+01,2.944444500000000176e+01,4.207669499999999729e-01,2.561048700000000178e+00,6.000000000000000000e+00
2.000000000000000000e+02,2.500000000000000000e+02,9.000000000000000000e+00,0.000000000000000000e+00,0.000000000000000000e+00,2.277777700000000127e+00,1.420746000000000064e+00,1.444444499999999909e+00,1.025598800000000033e+00,9.222222000000000364e+00,6.555555299999999974e+00,7.333333500000000171e+00,1.377777799999999964e+01,-8.000000000000000000e+00,-5.666666499999999829e+00,1.366666700000000034e+01,1.377777799999999964e+01,5.633903000000000105e-01,2.192935499999999927e+00,6.000000000000000000e+00
7.100000000000000000e+01,1.800000000000000000e+02,9.000000000000000000e+00,1.111111100000000129e-01,0.000000000000000000e+00,1.222221999999999920e+00,5.629625000000000323e-01,3.000000000000000000e+00,1.866664600000000007e+00,2.233333400000000069e+01,1.833333400000000069e+01,2.144444500000000176e+01,2.722222100000000111e+01,-1.200000000000000000e+01,-2.666666699999999945e+00,1.466666700000000034e+01,2.722222100000000111e+01,3.273826000000000236e-01,2.453830700000000142e+00,6.000000000000000000e+00
