1.210000000000000000e+02,1.130000000000000000e+02,9.000000000000000000e+00,0.000000000000000000e+00,0.000000000000000000e+00,1.722221999999999920e+00,1.529630299999999998e+00,2.944443999999999839e+00,1.529629499999999975e+00,2.025926000000000116e+01,2.000000000000000000e+01,2.544444500000000176e+01,1.533333299999999966e+01,-7.777777999999998526e-01,1.555555500000000002e+01,-1.477777799999999964e+01,2.544444500000000176e+01,3.965889499999999956e-01,-1.585609100000000105e+00,0.000000000000000000e+00
8.000000000000000000e+01,9.500000000000000000e+01,9.000000000000000000e+00,0.000000000000000000e+00,0.000000000000000000e+00,1.222222300000000095e+00,1.007407900000000023e+00,9.444439999999999502e-01,5.518513999999999919e-01,2.140740800000000021e+01,2.133333400000000069e+01,2.666666599999999931e+01,1.622222299999999962e+01,-2.222222199999999981e-01,1.577777799999999964e+01,-1.555555500000000002e+01,2.666666599999999931e+01,3.904359299999999866e-01,-1.567327300000000090e+00,0.000000000000000000e+00
2.300000000000000000e+01,8.500000000000000000e+01,9.000000000000000000e+00,0.000000000000000000e+00,0.000000000000000000e+00,1.444444499999999909e+00,1.051852500000000079e+00,1.777778000000000080e+00,9.629628700000000263e-01,1.796296299999999846e+01,1.888888999999999996e+01,2.188888999999999996e+01,1.311111099999999929e+01,2.777777700000000127e+00,1.177777799999999964e+01,-1.455555500000000002e+01,2.188888999999999996e+01,3.997514799999999924e-01,-1.386867000000000072e+00,0.000000000000000000e+00
2.000000000000000000e+00,4.400000000000000000e+01,9.000000000000000000e+00,0.000000000000000000e+00,0.000000000000000000e+00,2.166667200000000015e+00,2.388887599999999889e+00,2.388889600000000168e+00,1.529628500000000058e+00,1.874073999999999884e+01,1.733333400000000069e+01,2.522222100000000111e+01,1.366666700000000034e+01,-4.222222300000000317e+00,1.944444500000000176e+01,-1.522222200000000036e+01,2.522222100000000111e+01,4.576814200000000055e-01,-1.753725500000000048e+00,0.000000000000000000e+00
2.600000000000000000e+01,6.700000000000000000e+01,9.000000000000000000e+00,1.111111100000000129e-01,0.000000000000000000e+00,1.000000000000000000e+00,8.888903000000000221e-01,2.444444700000000026e+00,3.185184700000000202e+00,2.000000000000000000e+01,1.955555499999999824e+01,2.588888999999999996e+01,1.455555500000000002e+01,-1.333333399999999891e+00,1.766666599999999931e+01,-1.633333400000000069e+01,2.588888999999999996e+01,4.369392000000000276e-01,-1.623202199999999928e+00,0.000000000000000000e+00
2.300000000000000000e+01,5.500000000000000000e+01,9.000000000000000000e+00,0.000000000000000000e+00,0.000000000000000000e+00,2.222221600000000130e+00,3.674072699999999969e+00,1.777777299999999894e+00,7.851852000000000276e-01,2.344444500000000176e+01,2.166666599999999931e+01,3.111111000000000004e+01,1.755555499999999824e+01,-5.333333500000000171e+00,2.300000000000000000e+01,-1.766666599999999931e+01,3.111111000000000004e+01,4.350702200000000075e-01,-1.771163199999999938e+00,0.000000000000000000e+00
9.300000000000000000e+01,2.900000000000000000e+01,9.000000000000000000e+00,0.000000000000000000e+00,0.000000000000000000e+00,1.222223899999999919e+00,1.229636299999999904e+00,1.388890600000000086e+00,1.574081899999999923e+00,1.284814800000000048e+02,1.190000000000000000e+02,1.427777700000000038e+02,1.236666639999999973e+02,-2.844444500000000176e+01,4.288889000000000351e+01,-1.444444499999999998e+01,1.427777700000000038e+02,1.664843400000000084e-01,-2.297760499999999873e+00,1.000000000000000000e+00
8.000000000000000000e+01,4.000000000000000000e+01,9.000000000000000000e+00,0.000000000000000000e+00,0.000000000000000000e+00,6.111107000000000067e-01,5.741323000000000398e-01,7.222226000000000479e-01,7.722025000000000139e-01,1.107037050000000136e+02,9.622221999999999298e+01,1.290000000000000000e+02,1.068888850000000019e+02,-4.344444299999999970e+01,5.488889000000000351e+01,-1.144444500000000176e+01,1.290000000000000000e+02,2.540512999999999799e-01,-2.434692399999999868e+00,1.000000000000000000e+00
1.740000000000000000e+02,5.000000000000000000e+01,9.000000000000000000e+00,0.000000000000000000e+00,0.000000000000000000e+00,1.000001300000000093e+00,7.601153000000000493e-01,9.444453000000000431e-01,9.525791999999999593e-01,1.074444400000000002e+02,9.466666399999999726e+01,1.257777800000000070e+02,1.018888850000000019e+02,-3.833333199999999863e+01,5.500000000000000000e+01,-1.666666599999999931e+01,1.257777800000000070e+02,2.473367999999999955e-01,-2.337295500000000192e+00,1.000000000000000000e+00
6.600000000000000000e+01,4.100000000000000000e+01,9.000000000000000000e+00,0.000000000000000000e+00,0.000000000000000000e+00,6.111119400000000201e-01,3.277307700000000046e-01,3.888918499999999834e-01,3.277331600000000233e-01,1.097037050000000136e+02,9.511111499999999808e+01,1.288888900000000035e+02,1.051111149999999981e+02,-4.377777999999999992e+01,5.755555700000000030e+01,-1.377777799999999964e+01,1.288888900000000035e+02,2.620456199999999791e-01,-2.404745000000000132e+00,1.000000000000000000e+00
1.400000000000000000e+02,2.500000000000000000e+01,9.000000000000000000e+00,0.000000000000000000e+00,0.000000000000000000e+00,9.999987500000000473e-01,1.466669699999999965e+00,1.111110700000000007e+00,1.185175549999999967e-01,1.280000000000000000e+02,1.177777800000000070e+02,1.423333399999999926e+02,1.238888850000000019e+02,-3.066666599999999931e+01,4.300000000000000000e+01,-1.233333299999999966e+01,1.423333399999999926e+02,1.725036400000000136e-01,-2.354551799999999862e+00,1.000000000000000000e+00
1.220000000000000000e+02,1.100000000000000000e+01,9.000000000000000000e+00,0.000000000000000000e+00,0.000000000000000000e+00,1.000000000000000000e+00,3.111157700000000137e-01,2.888890500000000028e+00,5.051852000000000231e+00,1.434444399999999860e+02,1.368888900000000035e+02,1.508888900000000035e+02,1.425555600000000140e+02,-1.966666599999999931e+01,2.233333400000000069e+01,-2.666666699999999945e+00,1.508888900000000035e+02,9.277301000000000297e-02,-2.521647699999999936e+00,1.000000000000000000e+00
5.900000000000000000e+01,9.900000000000000000e+01,9.000000000000000000e+00,0.000000000000000000e+00,0.000000000000000000e+00,7.777778499999999928e-01,8.296297000000000255e-01,9.999999400000000316e-01,3.555556000000000272e-01,2.037037100000000045e+00,1.111111100000000129e-01,5.555555299999999974e+00,4.444444499999999909e-01,-5.777777699999999683e+00,1.055555500000000002e+01,-4.777777699999999683e+00,5.555555299999999974e+00,9.861111000000000182e-01,-2.149742999999999959e+00,2.000000000000000000e+00
2.300000000000000000e+02,1.240000000000000000e+02,9.000000000000000000e+00,0.000000000000000000e+00,0.000000000000000000e+00,2.777778000000000191e-01,1.074074299999999982e-01,2.777778000000000191e-01,1.518518299999999932e-01,6.666666999999999454e-01,0.000000000000000000e+00,2.000000000000000000e+00,0.000000000000000000e+00,-2.000000000000000000e+00,4.000000000000000000e+00,-2.000000000000000000e+00,2.000000000000000000e+00,1.000000000000000000e+00,-2.094395200000000123e+00,2.000000000000000000e+00
1.800000000000000000e+01,9.000000000000000000e+01,9.000000000000000000e+00,0.000000000000000000e+00,0.000000000000000000e+00,1.055555500000000091e+00,3.740741599999999889e-01,6.666666999999999454e-01,2.222222699999999995e-01,2.814814800000000172e+00,5.555556000000000383e-01,6.888888999999999818e+00,1.000000000000000000e+00,-6.777777699999999683e+00,1.222222200000000036e+01,-5.444444700000000026e+00,6.888888999999999818e+00,9.261464000000000363e-01,-2.164322600000000207e+00,2.000000000000000000e+00
3.600000000000000000e+01,1.450000000000000000e+02,9.000000000000000000e+00,0.000000000000000000e+00,0.000000000000000000e+00,2.777778000000000191e-01,1.962962900000000122e-01,1.277777799999999964e+00,2.062962800000000207e+00,8.518518999999999952e-01,3.333333399999999780e-01,1.444444400000000073e+00,7.777777999999998526e-01,-1.555555599999999927e+00,1.777777799999999964e+00,-2.222222199999999981e-01,1.444444400000000073e+00,2.518518599999999830e-01,-2.530950300000000208e+00,2.000000000000000000e+00
5.400000000000000000e+01,9.100000000000000000e+01,9.000000000000000000e+00,0.000000000000000000e+00,0.000000000000000000e+00,1.444444300000000014e+00,1.540740999999999916e+00,8.333333000000000546e-01,2.555557199999999862e-01,3.259259199999999801e+00,5.555556000000000383e-01,8.000000000000000000e+00,1.222222200000000036e+00,-8.111110999999997517e+00,1.422222200000000036e+01,-6.111111000000000182e+00,8.000000000000000000e+00,9.448107500000000325e-01,-2.186723000000000194e+00,2.000000000000000000e+00
6.000000000000000000e+00,8.100000000000000000e+01,9.000000000000000000e+00,0.000000000000000000e+00,1.111111100000000129e-01,4.111111000000000182e+00,8.740745000000000431e+00,5.722222999999999615e+00,2.850741000000000014e+01,1.248148199999999974e+01,7.666666499999999829e+00,1.888888999999999996e+01,1.088888900000000071e+01,-1.444444499999999998e+01,1.922222100000000111e+01,-4.777777699999999683e+00,1.888888999999999996e+01,6.281558000000000419e-01,-2.388561000000000156e+00,2.000000000000000000e+00
1.620000000000000000e+02,1.590000000000000000e+02,9.000000000000000000e+00,0.000000000000000000e+00,0.000000000000000000e+00,2.166666699999999945e+00,9.603237999999999497e-01,2.222222299999999873e+00,1.455512799999999940e+00,2.611111000000000004e+01,2.522222100000000111e+01,2.955555499999999824e+01,2.355555499999999824e+01,-2.666666699999999945e+00,1.033333299999999966e+01,-7.666666499999999829e+00,2.955555499999999824e+01,2.028455600000000081e-01,-1.802554200000000106e+00,3.000000000000000000e+00
1.120000000000000000e+02,9.000000000000000000e+01,9.000000000000000000e+00,0.000000000000000000e+00,0.000000000000000000e+00,7.388889999999999958e+00,6.945555699999999888e+00,1.277777299999999894e+00,8.798141499999998505e-01,6.518519000000000574e+01,5.766666800000000137e+01,7.977778000000000702e+01,5.811110999999999649e+01,-2.255555499999999824e+01,4.377777999999999992e+01,-2.122222100000000111e+01,7.977778000000000702e+01,2.783454399999999995e-01,-2.108813000000000049e+00,3.000000000000000000e+00
2.200000000000000000e+01,8.700000000000000000e+01,9.000000000000000000e+00,0.000000000000000000e+00,0.000000000000000000e+00,1.888889899999999900e+00,1.259042299999999948e+00,1.166666600000000109e+00,6.236107300000000020e-01,6.403704000000000462e+01,5.577777999999999992e+01,8.033333600000000274e+01,5.600000000000000000e+01,-2.477777899999999889e+01,4.888889000000000351e+01,-2.411111000000000004e+01,8.033333600000000274e+01,3.096997699999999853e-01,-2.105072999999999972e+00,3.000000000000000000e+00
2.190000000000000000e+02,8.000000000000000000e+01,9.000000000000000000e+00,0.000000000000000000e+00,0.000000000000000000e+00,1.277776699999999988e+00,3.296295000000000197e-01,6.666666999999999454e-01,9.333318000000000447e-01,3.970370499999999936e+01,3.633333600000000274e+01,4.822222000000000008e+01,3.455555700000000030e+01,-1.011111099999999929e+01,2.555555499999999824e+01,-1.544444499999999998e+01,4.822222000000000008e+01,2.829639600000000144e-01,-1.962646399999999902e+00,3.000000000000000000e+00
1.980000000000000000e+02,1.270000000000000000e+02,9.000000000000000000e+00,0.000000000000000000e+00,0.000000000000000000e+00,2.444444400000000073e+00,4.385187000000000168e+00,8.555555000000000021e+00,5.954075000000000273e+01,4.074074000000000240e+01,3.800000000000000000e+01,4.822222000000000008e+01,3.600000000000000000e+01,-8.222222000000000364e+00,2.244444500000000176e+01,-1.422222200000000036e+01,4.822222000000000008e+01,2.489993899999999871e-01,-1.908347800000000039e+00,3.000000000000000000e+00
1.760000000000000000e+02,1.000000000000000000e+02,9.000000000000000000e+00,0.000000000000000000e+00,0.000000000000000000e+00,1.944444099999999898e+00,7.740747999999999518e-01,1.444444700000000026e+00,6.518513999999999697e-01,5.537037000000000120e+01,5.033333199999999863e+01,6.688889000000000351e+01,4.888889000000000351e+01,-1.511111099999999929e+01,3.455555700000000030e+01,-1.944444500000000176e+01,6.688889000000000351e+01,2.686205199999999738e-01,-2.006190000000000140e+00,3.000000000000000000e+00
2.250000000000000000e+02,5.800000000000000000e+01,9.000000000000000000e+00,0.000000000000000000e+00,0.000000000000000000e+00,3.333335000000000048e-01,4.216370600000000080e-01,4.444445000000000201e-01,3.442652199999999829e-01,8.333332999999997881e+00,5.555555299999999974e+00,1.411111099999999929e+01,5.333333500000000171e+00,-8.333332999999997881e+00,1.733333400000000069e+01,-9.000000000000000000e+00,1.411111099999999929e+01,6.222222400000000375e-01,-2.068563699999999894e+00,4.000000000000000000e+00
2.060000000000000000e+02,6.100000000000000000e+01,9.000000000000000000e+00,0.000000000000000000e+00,0.000000000000000000e+00,5.555554999999999799e-01,4.036867299999999936e-01,4.999998999999999971e-01,4.594681299999999746e-01,7.074074300000000370e+00,4.666667000000000343e+00,1.222222200000000036e+01,4.333333500000000171e+00,-7.222222300000000317e+00,1.544444499999999998e+01,-8.222222000000000364e+00,1.222222200000000036e+01,6.458911299999999800e-01,-2.048717299999999852e+00,4.000000000000000000e+00
2.230000000000000000e+02,6.200000000000000000e+01,9.000000000000000000e+00,0.000000000000000000e+00,0.000000000000000000e+00,3.333334000000000019e-01,2.981424300000000138e-01,4.444444200000000067e-01,5.018484600000000517e-01,6.444444700000000026e+00,4.111111000000000182e+00,1.144444500000000176e+01,3.777777700000000127e+00,-7.000000000000000000e+00,1.500000000000000000e+01,-8.000000000000000000e+00,1.144444500000000176e+01,6.703704000000000329e-01,-2.048717299999999852e+00,4.000000000000000000e+00
2.220000000000000000e+02,6.200000000000000000e+01,9.000000000000000000e+00,0.000000000000000000e+00,0.000000000000000000e+00,2.777778200000000086e-01,2.509241999999999861e-01,6.666666999999999454e-01,5.577733499999999456e-01,6.407407300000000028e+00,4.111111000000000182e+00,1.144444500000000176e+01,3.666666699999999945e+00,-6.888888999999999818e+00,1.511111099999999929e+01,-8.222222000000000364e+00,1.144444500000000176e+01,6.808080699999999874e-01,-2.034152300000000135e+00,4.000000000000000000e+00
2.260000000000000000e+02,1.310000000000000000e+02,9.000000000000000000e+00,0.000000000000000000e+00,0.000000000000000000e+00,0.000000000000000000e+00,0.000000000000000000e+00,0.000000000000000000e+00,0.000000000000000000e+00,0.000000000000000000e+00,0.000000000000000000e+00,0.000000000000000000e+00,0.000000000000000000e+00,0.000000000000000000e+00,0.000000000000000000e+00,0.000000000000000000e+00,0.000000000000000000e+00,0.000000000000000000e+00,0.000000000000000000e+00,4.000000000000000000e+00
9.600000000000000000e+01,9.400000000000000000e+01,9.000000000000000000e+00,0.000000000000000000e+00,0.000000000000000000e+00,7.222226000000000479e-01,2.851853699999999936e-01,4.444446599999999914e-01,4.296301599999999832e-01,2.022222100000000111e+01,1.600000000000000000e+01,2.877777899999999889e+01,1.588888900000000071e+01,-1.266666700000000034e+01,2.566666599999999931e+01,-1.300000000000000000e+01,2.877777899999999889e+01,4.515457500000000235e-01,-2.084893000000000107e+00,4.000000000000000000e+00
4.000000000000000000e+00,2.010000000000000000e+02,9.000000000000000000e+00,0.000000000000000000e+00,2.222222199999999981e-01,2.722221999999999920e+00,1.678845799999999944e+00,5.222221399999999569e+00,3.124574200000000079e+00,5.370370499999999936e+01,4.711110999999999649e+01,6.722221999999999298e+01,4.677777999999999992e+01,-1.977777899999999889e+01,4.055555700000000030e+01,-2.077777899999999889e+01,6.722221999999999298e+01,3.088593800000000167e-01,-2.075226499999999863e+00,5.000000000000000000e+00
2.290000000000000000e+02,1.950000000000000000e+02,9.000000000000000000e+00,0.000000000000000000e+00,0.000000000000000000e+00,4.166666000000000203e+00,2.277915199999999807e+00,4.111111000000000182e+00,2.247634199999999804e+00,4.770370499999999936e+01,4.244444299999999970e+01,5.888889000000000351e+01,4.177777999999999992e+01,-1.577777799999999964e+01,3.355555700000000030e+01,-1.777777899999999534e+01,5.888889000000000351e+01,2.902781400000000178e-01,-2.052704600000000212e+00,5.000000000000000000e+00
1.240000000000000000e+02,1.910000000000000000e+02,9.000000000000000000e+00,0.000000000000000000e+00,0.000000000000000000e+00,3.500000700000000187e+00,2.738613599999999870e+00,3.277778000000000080e+00,2.800132800000000088e+00,5.974074000000000240e+01,5.288889000000000351e+01,7.477778000000000702e+01,5.155555700000000030e+01,-2.055555499999999824e+01,4.511110999999999649e+01,-2.455555499999999824e+01,7.477778000000000702e+01,3.136109400000000047e-01,-2.035480000000000178e+00,5.000000000000000000e+00
1.340000000000000000e+02,1.870000000000000000e+02,9.000000000000000000e+00,0.000000000000000000e+00,0.000000000000000000e+00,1.888888700000000087e+00,1.515353699999999915e+00,2.111111399999999971e+00,1.784708299999999914e+00,5.937037000000000120e+01,5.266666800000000137e+01,7.411111499999999808e+01,5.133333199999999863e+01,-2.011111000000000004e+01,4.422222000000000008e+01,-2.411111000000000004e+01,7.411111499999999808e+01,3.074577700000000191e-01,-2.033479999999999954e+00,5.000000000000000000e+00
8.700000000000000000e+01,1.960000000000000000e+02,9.000000000000000000e+00,1.111111100000000129e-01,0.000000000000000000e+00,1.333332100000000020e+00,8.692277999999999949e-01,2.222221999999999920e+00,1.668886899999999951e+00,6.159259399999999829e+01,5.500000000000000000e+01,7.566666999999998211e+01,5.411110999999999649e+01,-1.977777899999999889e+01,4.222222000000000008e+01,-2.244444500000000176e+01,7.566666999999998211e+01,2.875262199999999990e-01,-2.048736299999999844e+00,5.000000000000000000e+00
2.140000000000000000e+02,1.610000000000000000e+02,9.000000000000000000e+00,0.000000000000000000e+00,0.000000000000000000e+00,3.722222299999999873e+00,7.296335699999999536e-01,1.150000000000000000e+01,1.892223399999999955e+01,4.044444299999999970e+01,3.533333600000000274e+01,4.966666800000000137e+01,3.633333600000000274e+01,-1.533333299999999966e+01,2.766666599999999931e+01,-1.233333299999999966e+01,4.966666800000000137e+01,2.980561299999999747e-01,-2.198939000000000199e+00,5.000000000000000000e+00
6.300000000000000000e+01,2.010000000000000000e+02,9.000000000000000000e+00,0.000000000000000000e+00,0.000000000000000000e+00,1.444444499999999909e+00,9.185185999999999629e-01,9.444442400000000459e-01,5.518518000000000034e-01,7.777777699999998795e+00,6.222222300000000317e+00,5.555555299999999974e+00,1.155555500000000002e+01,-4.666666499999999829e+00,-6.666666499999999829e+00,1.133333299999999966e+01,1.155555500000000002e+01,5.432012699999999583e-01,1.982986799999999938e+00,6.000000000000000000e+00
3.600000000000000000e+01,2.430000000000000000e+02,9.000000000000000000e+00,1.111111100000000129e-01,0.000000000000000000e+00,1.888889000000000040e+00,1.851851300000000089e+00,2.000000000000000000e+00,7.111104000000000314e-01,1.333333299999999966e+01,9.888889000000000706e+00,1.211111099999999929e+01,1.800000000000000000e+01,-1.033333299999999966e+01,-3.666666699999999945e+00,1.400000000000000000e+01,1.800000000000000000e+01,4.522285999999999806e-01,2.368310500000000207e+00,6.000000000000000000e+00
1.630000000000000000e+02,1.660000000000000000e+02,9.000000000000000000e+00,0.000000000000000000e+00,0.000000000000000000e+00,1.777777600000000069e+00,1.096297099999999913e+00,2.444444999999999979e+00,1.051851899999999951e+00,1.696296299999999846e+01,1.233333299999999966e+01,1.633333400000000069e+01,2.222222100000000111e+01,-1.388888900000000071e+01,-1.888888799999999923e+00,1.577777799999999964e+01,2.222222100000000111e+01,4.462136999999999909e-01,2.515825500000000048e+00,6.000000000000000000e+00
1.860000000000000000e+02,1.730000000000000000e+02,9.000000000000000000e+00,0.000000000000000000e+00,0.000000000000000000e+00,1.444444499999999909e+00,8.296305499999998556e-01,2.111111399999999971e+00,1.985185299999999931e+00,1.714814799999999906e+01,1.355555500000000002e+01,1.555555500000000002e+01,2.233333400000000069e+01,-1.077777799999999964e+01,-4.777777699999999683e+00,1.555555500000000002e+01,2.233333400000000069e+01,3.964332600000000095e-01,2.332739000000000118e+00,6.000000000000000000e+00
6.000000000000000000e+01,1.810000000000000000e+02,9.000000000000000000e+00,1.111111100000000129e-01,0.000000000000000000e+00,1.666666600000000109e+00,1.200000500000000025e+00,2.666666699999999945e+00,2.088887499999999786e+00,1.962962999999999880e+01,1.711111000000000004e+01,1.788888999999999996e+01,2.388888999999999996e+01,-7.555555299999999974e+00,-5.222222300000000317e+00,1.277777799999999964e+01,2.388888999999999996e+01,2.856908699999999857e-01,2.189135299999999784e+00,6.000000000000000000e+00
2.230000000000000000e+02,1.850000000000000000e+02,9.000000000000000000e+00,0.000000000000000000e+00,0.000000000000000000e+00,5.000000000000000000e-01,3.496031199999999894e-01,2.388888600000000029e+00,2.080775699999999784e+00,1.296296300000000024e+01,1.155555500000000002e+01,9.777777999999999636e+00,1.755555499999999824e+01,-4.222222300000000317e+00,-9.555555000000000021e+00,1.377777799999999964e+01,1.755555499999999824e+01,4.454180300000000203e-01,1.838849699999999920e+00,6.000000000000000000e+00
