train_data, group  0 length:  168
[[138.         133.           9.         ...   0.5582011   -1.0776595
    0.        ]
 [ 33.         149.           9.         ...   0.5783389   -1.9857028
    0.        ]
 [146.         124.           9.         ...   0.56349206  -1.0247301
    0.        ]
 ...
 [ 62.         223.           9.         ...   0.5931498    2.0465877
    6.        ]
 [ 89.         221.           9.         ...   0.44601154   2.3172119
    6.        ]
 [208.         240.           9.         ...   0.42162097   2.3924873
    6.        ]]
condensed KNN train data length 56
test_data, group  0 length: 42
[[ 1.21000000e+02  1.13000000e+02  9.00000000e+00  0.00000000e+00
   0.00000000e+00  1.72222200e+00  1.52963030e+00  2.94444400e+00
   1.52962950e+00  2.02592600e+01  2.00000000e+01  2.54444450e+01
   1.53333330e+01 -7.77777800e-01  1.55555550e+01 -1.47777780e+01
   2.54444450e+01  3.96588950e-01 -1.58560910e+00  0.00000000e+00]
 [ 8.00000000e+01  9.50000000e+01  9.00000000e+00  0.00000000e+00
   0.00000000e+00  1.22222230e+00  1.00740790e+00  9.44444000e-01
   5.51851400e-01  2.14074080e+01  2.13333340e+01  2.66666660e+01
   1.62222230e+01 -2.22222220e-01  1.57777780e+01 -1.55555550e+01
   2.66666660e+01  3.90435930e-01 -1.56732730e+00  0.00000000e+00]
 [ 2.30000000e+01  8.50000000e+01  9.00000000e+00  0.00000000e+00
   0.00000000e+00  1.44444450e+00  1.05185250e+00  1.77777800e+00
   9.62962870e-01  1.79629630e+01  1.88888900e+01  2.18888900e+01
   1.31111110e+01  2.77777770e+00  1.17777780e+01 -1.45555550e+01
   2.18888900e+01  3.99751480e-01 -1.38686700e+00  0.00000000e+00]
 [ 2.00000000e+00  4.40000000e+01  9.00000000e+00  0.00000000e+00
   0.00000000e+00  2.16666720e+00  2.38888760e+00  2.38888960e+00
   1.52962850e+00  1.87407400e+01  1.73333340e+01  2.52222210e+01
   1.36666670e+01 -4.22222230e+00  1.94444450e+01 -1.52222220e+01
   2.52222210e+01  4.57681420e-01 -1.75372550e+00  0.00000000e+00]
 [ 2.60000000e+01  6.70000000e+01  9.00000000e+00  1.11111110e-01
   0.00000000e+00  1.00000000e+00  8.88890300e-01  2.44444470e+00
   3.18518470e+00  2.00000000e+01  1.95555550e+01  2.58888900e+01
   1.45555550e+01 -1.33333340e+00  1.76666660e+01 -1.63333340e+01
   2.58888900e+01  4.36939200e-01 -1.62320220e+00  0.00000000e+00]
 [ 2.30000000e+01  5.50000000e+01  9.00000000e+00  0.00000000e+00
   0.00000000e+00  2.22222160e+00  3.67407270e+00  1.77777730e+00
   7.85185200e-01  2.34444450e+01  2.16666660e+01  3.11111100e+01
   1.75555550e+01 -5.33333350e+00  2.30000000e+01 -1.76666660e+01
   3.11111100e+01  4.35070220e-01 -1.77116320e+00  0.00000000e+00]
 [ 9.30000000e+01  2.90000000e+01  9.00000000e+00  0.00000000e+00
   0.00000000e+00  1.22222390e+00  1.22963630e+00  1.38889060e+00
   1.57408190e+00  1.28481480e+02  1.19000000e+02  1.42777770e+02
   1.23666664e+02 -2.84444450e+01  4.28888900e+01 -1.44444450e+01
   1.42777770e+02  1.66484340e-01 -2.29776050e+00  1.00000000e+00]
 [ 8.00000000e+01  4.00000000e+01  9.00000000e+00  0.00000000e+00
   0.00000000e+00  6.11110700e-01  5.74132300e-01  7.22222600e-01
   7.72202500e-01  1.10703705e+02  9.62222200e+01  1.29000000e+02
   1.06888885e+02 -4.34444430e+01  5.48888900e+01 -1.14444450e+01
   1.29000000e+02  2.54051300e-01 -2.43469240e+00  1.00000000e+00]
 [ 1.74000000e+02  5.00000000e+01  9.00000000e+00  0.00000000e+00
   0.00000000e+00  1.00000130e+00  7.60115300e-01  9.44445300e-01
   9.52579200e-01  1.07444440e+02  9.46666640e+01  1.25777780e+02
   1.01888885e+02 -3.83333320e+01  5.50000000e+01 -1.66666660e+01
   1.25777780e+02  2.47336800e-01 -2.33729550e+00  1.00000000e+00]
 [ 6.60000000e+01  4.10000000e+01  9.00000000e+00  0.00000000e+00
   0.00000000e+00  6.11111940e-01  3.27730770e-01  3.88891850e-01
   3.27733160e-01  1.09703705e+02  9.51111150e+01  1.28888890e+02
   1.05111115e+02 -4.37777800e+01  5.75555570e+01 -1.37777780e+01
   1.28888890e+02  2.62045620e-01 -2.40474500e+00  1.00000000e+00]
 [ 1.40000000e+02  2.50000000e+01  9.00000000e+00  0.00000000e+00
   0.00000000e+00  9.99998750e-01  1.46666970e+00  1.11111070e+00
   1.18517555e-01  1.28000000e+02  1.17777780e+02  1.42333340e+02
   1.23888885e+02 -3.06666660e+01  4.30000000e+01 -1.23333330e+01
   1.42333340e+02  1.72503640e-01 -2.35455180e+00  1.00000000e+00]
 [ 1.22000000e+02  1.10000000e+01  9.00000000e+00  0.00000000e+00
   0.00000000e+00  1.00000000e+00  3.11115770e-01  2.88889050e+00
   5.05185200e+00  1.43444440e+02  1.36888890e+02  1.50888890e+02
   1.42555560e+02 -1.96666660e+01  2.23333340e+01 -2.66666670e+00
   1.50888890e+02  9.27730100e-02 -2.52164770e+00  1.00000000e+00]
 [ 5.90000000e+01  9.90000000e+01  9.00000000e+00  0.00000000e+00
   0.00000000e+00  7.77777850e-01  8.29629700e-01  9.99999940e-01
   3.55555600e-01  2.03703710e+00  1.11111110e-01  5.55555530e+00
   4.44444450e-01 -5.77777770e+00  1.05555550e+01 -4.77777770e+00
   5.55555530e+00  9.86111100e-01 -2.14974300e+00  2.00000000e+00]
 [ 2.30000000e+02  1.24000000e+02  9.00000000e+00  0.00000000e+00
   0.00000000e+00  2.77777800e-01  1.07407430e-01  2.77777800e-01
   1.51851830e-01  6.66666700e-01  0.00000000e+00  2.00000000e+00
   0.00000000e+00 -2.00000000e+00  4.00000000e+00 -2.00000000e+00
   2.00000000e+00  1.00000000e+00 -2.09439520e+00  2.00000000e+00]
 [ 1.80000000e+01  9.00000000e+01  9.00000000e+00  0.00000000e+00
   0.00000000e+00  1.05555550e+00  3.74074160e-01  6.66666700e-01
   2.22222270e-01  2.81481480e+00  5.55555600e-01  6.88888900e+00
   1.00000000e+00 -6.77777770e+00  1.22222220e+01 -5.44444470e+00
   6.88888900e+00  9.26146400e-01 -2.16432260e+00  2.00000000e+00]
 [ 3.60000000e+01  1.45000000e+02  9.00000000e+00  0.00000000e+00
   0.00000000e+00  2.77777800e-01  1.96296290e-01  1.27777780e+00
   2.06296280e+00  8.51851900e-01  3.33333340e-01  1.44444440e+00
   7.77777800e-01 -1.55555560e+00  1.77777780e+00 -2.22222220e-01
   1.44444440e+00  2.51851860e-01 -2.53095030e+00  2.00000000e+00]
 [ 5.40000000e+01  9.10000000e+01  9.00000000e+00  0.00000000e+00
   0.00000000e+00  1.44444430e+00  1.54074100e+00  8.33333300e-01
   2.55555720e-01  3.25925920e+00  5.55555600e-01  8.00000000e+00
   1.22222220e+00 -8.11111100e+00  1.42222220e+01 -6.11111100e+00
   8.00000000e+00  9.44810750e-01 -2.18672300e+00  2.00000000e+00]
 [ 6.00000000e+00  8.10000000e+01  9.00000000e+00  0.00000000e+00
   1.11111110e-01  4.11111100e+00  8.74074500e+00  5.72222300e+00
   2.85074100e+01  1.24814820e+01  7.66666650e+00  1.88888900e+01
   1.08888890e+01 -1.44444450e+01  1.92222210e+01 -4.77777770e+00
   1.88888900e+01  6.28155800e-01 -2.38856100e+00  2.00000000e+00]
 [ 1.62000000e+02  1.59000000e+02  9.00000000e+00  0.00000000e+00
   0.00000000e+00  2.16666670e+00  9.60323800e-01  2.22222230e+00
   1.45551280e+00  2.61111100e+01  2.52222210e+01  2.95555550e+01
   2.35555550e+01 -2.66666670e+00  1.03333330e+01 -7.66666650e+00
   2.95555550e+01  2.02845560e-01 -1.80255420e+00  3.00000000e+00]
 [ 1.12000000e+02  9.00000000e+01  9.00000000e+00  0.00000000e+00
   0.00000000e+00  7.38889000e+00  6.94555570e+00  1.27777730e+00
   8.79814150e-01  6.51851900e+01  5.76666680e+01  7.97777800e+01
   5.81111100e+01 -2.25555550e+01  4.37777800e+01 -2.12222210e+01
   7.97777800e+01  2.78345440e-01 -2.10881300e+00  3.00000000e+00]
 [ 2.20000000e+01  8.70000000e+01  9.00000000e+00  0.00000000e+00
   0.00000000e+00  1.88888990e+00  1.25904230e+00  1.16666660e+00
   6.23610730e-01  6.40370400e+01  5.57777800e+01  8.03333360e+01
   5.60000000e+01 -2.47777790e+01  4.88888900e+01 -2.41111100e+01
   8.03333360e+01  3.09699770e-01 -2.10507300e+00  3.00000000e+00]
 [ 2.19000000e+02  8.00000000e+01  9.00000000e+00  0.00000000e+00
   0.00000000e+00  1.27777670e+00  3.29629500e-01  6.66666700e-01
   9.33331800e-01  3.97037050e+01  3.63333360e+01  4.82222200e+01
   3.45555570e+01 -1.01111110e+01  2.55555550e+01 -1.54444450e+01
   4.82222200e+01  2.82963960e-01 -1.96264640e+00  3.00000000e+00]
 [ 1.98000000e+02  1.27000000e+02  9.00000000e+00  0.00000000e+00
   0.00000000e+00  2.44444440e+00  4.38518700e+00  8.55555500e+00
   5.95407500e+01  4.07407400e+01  3.80000000e+01  4.82222200e+01
   3.60000000e+01 -8.22222200e+00  2.24444450e+01 -1.42222220e+01
   4.82222200e+01  2.48999390e-01 -1.90834780e+00  3.00000000e+00]
 [ 1.76000000e+02  1.00000000e+02  9.00000000e+00  0.00000000e+00
   0.00000000e+00  1.94444410e+00  7.74074800e-01  1.44444470e+00
   6.51851400e-01  5.53703700e+01  5.03333320e+01  6.68888900e+01
   4.88888900e+01 -1.51111110e+01  3.45555570e+01 -1.94444450e+01
   6.68888900e+01  2.68620520e-01 -2.00619000e+00  3.00000000e+00]
 [ 2.25000000e+02  5.80000000e+01  9.00000000e+00  0.00000000e+00
   0.00000000e+00  3.33333500e-01  4.21637060e-01  4.44444500e-01
   3.44265220e-01  8.33333300e+00  5.55555530e+00  1.41111110e+01
   5.33333350e+00 -8.33333300e+00  1.73333340e+01 -9.00000000e+00
   1.41111110e+01  6.22222240e-01 -2.06856370e+00  4.00000000e+00]
 [ 2.06000000e+02  6.10000000e+01  9.00000000e+00  0.00000000e+00
   0.00000000e+00  5.55555500e-01  4.03686730e-01  4.99999900e-01
   4.59468130e-01  7.07407430e+00  4.66666700e+00  1.22222220e+01
   4.33333350e+00 -7.22222230e+00  1.54444450e+01 -8.22222200e+00
   1.22222220e+01  6.45891130e-01 -2.04871730e+00  4.00000000e+00]
 [ 2.23000000e+02  6.20000000e+01  9.00000000e+00  0.00000000e+00
   0.00000000e+00  3.33333400e-01  2.98142430e-01  4.44444420e-01
   5.01848460e-01  6.44444470e+00  4.11111100e+00  1.14444450e+01
   3.77777770e+00 -7.00000000e+00  1.50000000e+01 -8.00000000e+00
   1.14444450e+01  6.70370400e-01 -2.04871730e+00  4.00000000e+00]
 [ 2.22000000e+02  6.20000000e+01  9.00000000e+00  0.00000000e+00
   0.00000000e+00  2.77777820e-01  2.50924200e-01  6.66666700e-01
   5.57773350e-01  6.40740730e+00  4.11111100e+00  1.14444450e+01
   3.66666670e+00 -6.88888900e+00  1.51111110e+01 -8.22222200e+00
   1.14444450e+01  6.80808070e-01 -2.03415230e+00  4.00000000e+00]
 [ 2.26000000e+02  1.31000000e+02  9.00000000e+00  0.00000000e+00
   0.00000000e+00  0.00000000e+00  0.00000000e+00  0.00000000e+00
   0.00000000e+00  0.00000000e+00  0.00000000e+00  0.00000000e+00
   0.00000000e+00  0.00000000e+00  0.00000000e+00  0.00000000e+00
   0.00000000e+00  0.00000000e+00  0.00000000e+00  4.00000000e+00]
 [ 9.60000000e+01  9.40000000e+01  9.00000000e+00  0.00000000e+00
   0.00000000e+00  7.22222600e-01  2.85185370e-01  4.44444660e-01
   4.29630160e-01  2.02222210e+01  1.60000000e+01  2.87777790e+01
   1.58888890e+01 -1.26666670e+01  2.56666660e+01 -1.30000000e+01
   2.87777790e+01  4.51545750e-01 -2.08489300e+00  4.00000000e+00]
 [ 4.00000000e+00  2.01000000e+02  9.00000000e+00  0.00000000e+00
   2.22222220e-01  2.72222200e+00  1.67884580e+00  5.22222140e+00
   3.12457420e+00  5.37037050e+01  4.71111100e+01  6.72222200e+01
   4.67777800e+01 -1.97777790e+01  4.05555570e+01 -2.07777790e+01
   6.72222200e+01  3.08859380e-01 -2.07522650e+00  5.00000000e+00]
 [ 2.29000000e+02  1.95000000e+02  9.00000000e+00  0.00000000e+00
   0.00000000e+00  4.16666600e+00  2.27791520e+00  4.11111100e+00
   2.24763420e+00  4.77037050e+01  4.24444430e+01  5.88888900e+01
   4.17777800e+01 -1.57777780e+01  3.35555570e+01 -1.77777790e+01
   5.88888900e+01  2.90278140e-01 -2.05270460e+00  5.00000000e+00]
 [ 1.24000000e+02  1.91000000e+02  9.00000000e+00  0.00000000e+00
   0.00000000e+00  3.50000070e+00  2.73861360e+00  3.27777800e+00
   2.80013280e+00  5.97407400e+01  5.28888900e+01  7.47777800e+01
   5.15555570e+01 -2.05555550e+01  4.51111100e+01 -2.45555550e+01
   7.47777800e+01  3.13610940e-01 -2.03548000e+00  5.00000000e+00]
 [ 1.34000000e+02  1.87000000e+02  9.00000000e+00  0.00000000e+00
   0.00000000e+00  1.88888870e+00  1.51535370e+00  2.11111140e+00
   1.78470830e+00  5.93703700e+01  5.26666680e+01  7.41111150e+01
   5.13333320e+01 -2.01111100e+01  4.42222200e+01 -2.41111100e+01
   7.41111150e+01  3.07457770e-01 -2.03348000e+00  5.00000000e+00]
 [ 8.70000000e+01  1.96000000e+02  9.00000000e+00  1.11111110e-01
   0.00000000e+00  1.33333210e+00  8.69227800e-01  2.22222200e+00
   1.66888690e+00  6.15925940e+01  5.50000000e+01  7.56666700e+01
   5.41111100e+01 -1.97777790e+01  4.22222200e+01 -2.24444450e+01
   7.56666700e+01  2.87526220e-01 -2.04873630e+00  5.00000000e+00]
 [ 2.14000000e+02  1.61000000e+02  9.00000000e+00  0.00000000e+00
   0.00000000e+00  3.72222230e+00  7.29633570e-01  1.15000000e+01
   1.89222340e+01  4.04444430e+01  3.53333360e+01  4.96666680e+01
   3.63333360e+01 -1.53333330e+01  2.76666660e+01 -1.23333330e+01
   4.96666680e+01  2.98056130e-01 -2.19893900e+00  5.00000000e+00]
 [ 6.30000000e+01  2.01000000e+02  9.00000000e+00  0.00000000e+00
   0.00000000e+00  1.44444450e+00  9.18518600e-01  9.44444240e-01
   5.51851800e-01  7.77777770e+00  6.22222230e+00  5.55555530e+00
   1.15555550e+01 -4.66666650e+00 -6.66666650e+00  1.13333330e+01
   1.15555550e+01  5.43201270e-01  1.98298680e+00  6.00000000e+00]
 [ 3.60000000e+01  2.43000000e+02  9.00000000e+00  1.11111110e-01
   0.00000000e+00  1.88888900e+00  1.85185130e+00  2.00000000e+00
   7.11110400e-01  1.33333330e+01  9.88888900e+00  1.21111110e+01
   1.80000000e+01 -1.03333330e+01 -3.66666670e+00  1.40000000e+01
   1.80000000e+01  4.52228600e-01  2.36831050e+00  6.00000000e+00]
 [ 1.63000000e+02  1.66000000e+02  9.00000000e+00  0.00000000e+00
   0.00000000e+00  1.77777760e+00  1.09629710e+00  2.44444500e+00
   1.05185190e+00  1.69629630e+01  1.23333330e+01  1.63333340e+01
   2.22222210e+01 -1.38888890e+01 -1.88888880e+00  1.57777780e+01
   2.22222210e+01  4.46213700e-01  2.51582550e+00  6.00000000e+00]
 [ 1.86000000e+02  1.73000000e+02  9.00000000e+00  0.00000000e+00
   0.00000000e+00  1.44444450e+00  8.29630550e-01  2.11111140e+00
   1.98518530e+00  1.71481480e+01  1.35555550e+01  1.55555550e+01
   2.23333340e+01 -1.07777780e+01 -4.77777770e+00  1.55555550e+01
   2.23333340e+01  3.96433260e-01  2.33273900e+00  6.00000000e+00]
 [ 6.00000000e+01  1.81000000e+02  9.00000000e+00  1.11111110e-01
   0.00000000e+00  1.66666660e+00  1.20000050e+00  2.66666670e+00
   2.08888750e+00  1.96296300e+01  1.71111100e+01  1.78888900e+01
   2.38888900e+01 -7.55555530e+00 -5.22222230e+00  1.27777780e+01
   2.38888900e+01  2.85690870e-01  2.18913530e+00  6.00000000e+00]
 [ 2.23000000e+02  1.85000000e+02  9.00000000e+00  0.00000000e+00
   0.00000000e+00  5.00000000e-01  3.49603120e-01  2.38888860e+00
   2.08077570e+00  1.29629630e+01  1.15555550e+01  9.77777800e+00
   1.75555550e+01 -4.22222230e+00 -9.55555500e+00  1.37777780e+01
   1.75555550e+01  4.45418030e-01  1.83884970e+00  6.00000000e+00]]

result of iteration 0
64.28571428571429

train_data, group  1 length:  168
[[121.         113.           9.         ...   0.39658895  -1.5856091
    0.        ]
 [ 80.          95.           9.         ...   0.39043593  -1.5673273
    0.        ]
 [ 23.          85.           9.         ...   0.39975148  -1.386867
    0.        ]
 ...
 [ 62.         223.           9.         ...   0.5931498    2.0465877
    6.        ]
 [ 89.         221.           9.         ...   0.44601154   2.3172119
    6.        ]
 [208.         240.           9.         ...   0.42162097   2.3924873
    6.        ]]
condensed KNN train data length 50
test_data, group  1 length: 42
[[ 1.38000000e+02  1.33000000e+02  9.00000000e+00  0.00000000e+00
   0.00000000e+00  6.66666700e-01  4.44444330e-01  1.16666660e+00
   2.11110930e-01  6.44444470e+00  7.77777770e+00  7.88888900e+00
   3.66666670e+00  4.00000000e+00  4.33333350e+00 -8.33333300e+00
   8.22222200e+00  5.58201100e-01 -1.07765950e+00  0.00000000e+00]
 [ 3.30000000e+01  1.49000000e+02  9.00000000e+00  0.00000000e+00
   0.00000000e+00  5.55555600e-01  2.51851650e-01  7.22222270e-01
   1.51851710e-01  5.44444470e+00  4.11111100e+00  8.66666700e+00
   3.55555560e+00 -4.00000000e+00  9.66666700e+00 -5.66666650e+00
   8.66666700e+00  5.78338900e-01 -1.98570280e+00  0.00000000e+00]
 [ 1.46000000e+02  1.24000000e+02  9.00000000e+00  0.00000000e+00
   0.00000000e+00  4.99999900e-01  1.66666640e-01  3.88888750e-01
   1.07407376e-01  6.03703700e+00  7.44444470e+00  7.33333350e+00
   3.33333330e+00  4.22222230e+00  3.88888880e+00 -8.11111100e+00
   7.66666650e+00  5.63492060e-01 -1.02473010e+00  0.00000000e+00]
 [ 1.05000000e+02  1.39000000e+02  9.00000000e+00  0.00000000e+00
   0.00000000e+00  2.77777820e-01  1.07407436e-01  8.33333250e-01
   5.22222160e-01  6.11111100e+00  7.55555530e+00  7.22222230e+00
   3.55555560e+00  4.33333350e+00  3.33333330e+00 -7.66666650e+00
   7.55555530e+00  5.32627900e-01 -9.65945840e-01  0.00000000e+00]
 [ 1.88000000e+02  1.33000000e+02  9.00000000e+00  0.00000000e+00
   0.00000000e+00  3.33333340e-01  2.66666740e-01  5.00000000e-01
   7.77777360e-02  6.66666650e+00  8.33333400e+00  7.77777770e+00
   3.88888880e+00  5.00000000e+00  3.33333330e+00 -8.33333300e+00
   8.44444500e+00  5.38580240e-01 -9.24817260e-01  0.00000000e+00]
 [ 1.96000000e+02  1.29000000e+02  9.00000000e+00  0.00000000e+00
   0.00000000e+00  8.33333250e-01  4.33333340e-01  6.66666700e-01
   1.77777740e-01  6.33333350e+00  7.88888900e+00  7.33333350e+00
   3.77777770e+00  4.66666650e+00  3.00000000e+00 -7.66666650e+00
   8.22222200e+00  5.40123460e-01 -9.32782600e-01  0.00000000e+00]
 [ 2.26000000e+02  8.30000000e+01  9.00000000e+00  0.00000000e+00
   0.00000000e+00  8.88889300e-01  5.18518600e-01  1.05555210e+00
   5.07406350e-01  9.06296300e+01  7.45555600e+01  1.16888885e+02
   8.04444400e+01 -4.82222200e+01  7.87777800e+01 -3.05555550e+01
   1.16888885e+02  3.62061770e-01 -2.23905280e+00  1.00000000e+00]
 [ 6.70000000e+01  7.10000000e+01  9.00000000e+00  0.00000000e+00
   0.00000000e+00  1.66666660e+00  8.88891100e-01  1.49999870e+00
   2.99998460e-01  1.25962960e+02  1.15555560e+02  1.40888890e+02
   1.21444440e+02 -3.12222210e+01  4.47777800e+01 -1.35555550e+01
   1.40888890e+02  1.79672180e-01 -2.33975800e+00  1.00000000e+00]
 [ 1.81000000e+02  2.70000000e+01  9.00000000e+00  0.00000000e+00
   0.00000000e+00  7.22221400e-01  4.62963880e-01  5.00000000e-01
   2.55554830e-01  1.38074080e+02  1.32555560e+02  1.46555560e+02
   1.35111110e+02 -1.65555550e+01  2.54444450e+01 -8.88888900e+00
   1.46555560e+02  9.62631600e-02 -2.26453190e+00  1.00000000e+00]
 [ 1.42000000e+02  3.30000000e+01  9.00000000e+00  0.00000000e+00
   0.00000000e+00  4.99998720e-01  6.23608650e-01  5.00001250e-01
   3.49602700e-01  1.10592590e+02  9.67777800e+01  1.28666670e+02
   1.06333336e+02 -4.14444430e+01  5.42222200e+01 -1.27777780e+01
   1.28666670e+02  2.47776460e-01 -2.40801860e+00  1.00000000e+00]
 [ 1.56000000e+02  3.20000000e+01  9.00000000e+00  0.00000000e+00
   0.00000000e+00  7.77773560e-01  1.62964180e-01  2.61110950e+00
   1.04073790e+00  1.36296300e+02  1.29777790e+02  1.46333340e+02
   1.32777790e+02 -1.95555550e+01  3.01111100e+01 -1.05555550e+01
   1.46333340e+02  1.13055356e-01 -2.28075500e+00  1.00000000e+00]
 [ 1.20000000e+02  7.40000000e+01  9.00000000e+00  0.00000000e+00
   0.00000000e+00  3.33334600e-01  8.88892200e-02  5.00001250e-01
   7.77779600e-02  1.01851850e+02  8.91111150e+01  1.23222220e+02
   9.32222200e+01 -3.82222200e+01  6.41111150e+01 -2.58888900e+01
   1.23222220e+02  2.76784400e-01 -2.22055320e+00  1.00000000e+00]
 [ 4.50000000e+01  1.08000000e+02  9.00000000e+00  0.00000000e+00
   1.11111110e-01  2.55000000e+01  1.27954010e+01  2.72777790e+01
   1.59309810e+01  4.98148160e+01  4.17777800e+01  6.11111100e+01
   4.65555570e+01 -2.41111100e+01  3.38888900e+01 -9.77777800e+00
   6.11111100e+01  3.58975080e-01 -2.36049130e+00  2.00000000e+00]
 [ 1.00000000e+00  8.10000000e+01  9.00000000e+00  0.00000000e+00
   0.00000000e+00  1.21666670e+01  2.67455540e+02  9.22222200e+00
   2.05362960e+02  2.13333340e+01  1.40000000e+01  3.05555550e+01
   1.94444450e+01 -2.20000000e+01  2.76666660e+01 -5.66666650e+00
   3.05555550e+01  5.95282200e-01 -2.43840900e+00  2.00000000e+00]
 [ 1.27000000e+02  1.43000000e+02  9.00000000e+00  0.00000000e+00
   0.00000000e+00  1.50000000e+00  1.22222140e-01  8.88888840e-01
   6.07407450e-01  4.18518500e+00  8.88888900e-01  9.44444500e+00
   2.22222230e+00 -9.88888900e+00  1.57777780e+01 -5.88888900e+00
   9.44444500e+00  9.15376000e-01 -2.25741240e+00  2.00000000e+00]
 [ 4.10000000e+01  7.50000000e+01  9.00000000e+00  0.00000000e+00
   1.11111110e-01  1.53888890e+01  1.91362570e+01  2.66111130e+01
   3.17135900e+01  5.50000000e+01  4.74444430e+01  6.54444400e+01
   5.21111100e+01 -2.26666660e+01  3.13333340e+01 -8.66666700e+00
   6.54444400e+01  2.97801850e-01 -2.35675430e+00  2.00000000e+00]
 [ 5.20000000e+01  1.02000000e+02  9.00000000e+00  0.00000000e+00
   0.00000000e+00  7.22222270e-01  5.07407250e-01  8.33333300e-01
   5.66666800e-01  2.88888880e+00  6.66666700e-01  6.33333350e+00
   1.66666660e+00 -6.66666650e+00  1.03333330e+01 -3.66666670e+00
   6.33333350e+00  8.99735450e-01 -2.26171950e+00  2.00000000e+00]
 [ 9.00000000e+00  8.00000000e+01  9.00000000e+00  0.00000000e+00
   0.00000000e+00  2.94444440e+00  1.37518530e+01  1.66666660e+01
   7.15111000e+01  2.36296300e+01  1.73333340e+01  3.16666660e+01
   2.18888900e+01 -1.88888900e+01  2.41111100e+01 -5.22222230e+00
   3.16666660e+01  5.14253700e-01 -2.43151350e+00  2.00000000e+00]
 [ 1.30000000e+02  3.20000000e+01  9.00000000e+00  0.00000000e+00
   0.00000000e+00  1.11111130e+00  1.04704100e+00  8.33333970e-01
   8.36658660e-01  5.94814800e+01  5.42222200e+01  7.08888900e+01
   5.33333320e+01 -1.57777780e+01  3.42222200e+01 -1.84444450e+01
   7.08888900e+01  2.49000640e-01 -2.04242200e+00  3.00000000e+00]
 [ 2.08000000e+02  6.50000000e+01  9.00000000e+00  0.00000000e+00
   0.00000000e+00  1.38888740e+00  1.23677990e+00  2.64444450e+01
   2.55374770e+01  5.67037050e+01  5.26666680e+01  6.44444400e+01
   5.30000000e+01 -1.21111110e+01  2.32222210e+01 -1.11111110e+01
   6.44444400e+01  1.97130380e-01 -1.97081160e+00  3.00000000e+00]
 [ 1.69000000e+02  1.02000000e+02  9.00000000e+00  0.00000000e+00
   0.00000000e+00  1.00000000e+00  3.55554850e-01  8.88889300e-01
   2.96295500e-01  5.82222200e+01  5.34444430e+01  6.96666700e+01
   5.15555570e+01 -1.43333330e+01  3.43333320e+01 -2.00000000e+01
   6.96666700e+01  2.59759960e-01 -1.98558430e+00  3.00000000e+00]
 [ 4.20000000e+01  5.70000000e+01  9.00000000e+00  0.00000000e+00
   0.00000000e+00  1.38889060e+00  9.75627540e-01  9.99998750e-01
   3.65148370e-01  6.57037050e+01  5.94444430e+01  7.94444400e+01
   5.82222200e+01 -1.87777790e+01  4.12222200e+01 -2.24444450e+01
   7.94444400e+01  2.66776140e-01 -2.03070280e+00  3.00000000e+00]
 [ 3.70000000e+01  7.80000000e+01  9.00000000e+00  0.00000000e+00
   0.00000000e+00  1.00000060e+00  1.77777350e-01  2.55555650e+00
   2.87407280e+00  4.38148160e+01  4.11111100e+01  5.18888900e+01
   3.84444430e+01 -8.11111100e+00  2.42222210e+01 -1.61111100e+01
   5.18888900e+01  2.58916440e-01 -1.88607230e+00  3.00000000e+00]
 [ 1.51000000e+02  8.90000000e+01  9.00000000e+00  0.00000000e+00
   0.00000000e+00  8.38888900e+00  4.57731700e+00  7.22222030e-01
   3.89682380e-01  3.17037030e+01  2.73333340e+01  4.10000000e+01
   2.67777790e+01 -1.31111110e+01  2.78888900e+01 -1.47777780e+01
   4.10000000e+01  3.51272520e-01 -2.04654150e+00  3.00000000e+00]
 [ 1.60000000e+02  1.10000000e+02  9.00000000e+00  0.00000000e+00
   0.00000000e+00  8.33333000e-01  6.91214500e-01  4.44443700e-01
   2.72165400e-01  3.16296300e+01  2.72222210e+01  3.93333360e+01
   2.83333340e+01 -1.32222220e+01  2.31111100e+01 -9.88888900e+00
   3.93333360e+01  3.07444100e-01 -2.18724160e+00  4.00000000e+00]
 [ 2.07000000e+02  1.15000000e+02  9.00000000e+00  0.00000000e+00
   0.00000000e+00  1.05555550e+00  3.29629500e-01  1.66666690e-01
   3.33333430e-02  1.22222220e+00  4.44444450e-01  2.88888880e+00
   3.33333340e-01 -2.33333330e+00  5.00000000e+00 -2.66666670e+00
   2.88888880e+00  9.33333340e-01 -2.06553630e+00  4.00000000e+00]
 [ 1.23000000e+02  1.52000000e+02  9.00000000e+00  0.00000000e+00
   0.00000000e+00  0.00000000e+00  0.00000000e+00  0.00000000e+00
   0.00000000e+00  0.00000000e+00  0.00000000e+00  0.00000000e+00
   0.00000000e+00  0.00000000e+00  0.00000000e+00  0.00000000e+00
   0.00000000e+00  0.00000000e+00  0.00000000e+00  4.00000000e+00]
 [ 5.70000000e+01  8.90000000e+01  9.00000000e+00  0.00000000e+00
   0.00000000e+00  1.72222220e+00  1.30667830e+00  6.16666650e+00
   4.70342640e+00  1.70000000e+01  1.30000000e+01  2.45555550e+01
   1.34444450e+01 -1.20000000e+01  2.26666660e+01 -1.06666670e+01
   2.45555550e+01  4.77488520e-01 -2.12974640e+00  4.00000000e+00]
 [ 5.40000000e+01  1.33000000e+02  9.00000000e+00  0.00000000e+00
   0.00000000e+00  1.55555570e+00  1.00740740e+00  5.00000060e-01
   3.44444300e-01  5.37037040e+00  3.66666670e+00  9.00000000e+00
   3.44444440e+00 -5.11111100e+00  1.08888890e+01 -5.77777770e+00
   9.00000000e+00  6.30471400e-01 -2.04800030e+00  4.00000000e+00]
 [ 1.96000000e+02  9.50000000e+01  9.00000000e+00  0.00000000e+00
   0.00000000e+00  1.72222200e+00  1.12381650e+00  1.33333350e+00
   1.26491100e+00  7.62962960e+00  6.77777770e+00  1.07777780e+01
   5.33333350e+00 -2.55555560e+00  9.44444500e+00 -6.88888900e+00
   1.07777780e+01  5.12565850e-01 -1.74925840e+00  4.00000000e+00]
 [ 2.35000000e+02  1.96000000e+02  9.00000000e+00  0.00000000e+00
   0.00000000e+00  1.66666660e+00  1.33333400e+00  2.22222200e+00
   1.14826820e+00  4.72592600e+01  4.17777800e+01  5.85555570e+01
   4.14444430e+01 -1.64444450e+01  3.38888900e+01 -1.74444450e+01
   5.85555570e+01  2.94237820e-01 -2.07461550e+00  5.00000000e+00]
 [ 1.67000000e+02  1.89000000e+02  9.00000000e+00  0.00000000e+00
   0.00000000e+00  3.77777740e+00  2.23772240e+00  3.77777740e+00
   1.54440500e+00  5.84074060e+01  5.13333320e+01  7.24444400e+01
   5.14444430e+01 -2.12222210e+01  4.21111100e+01 -2.08888900e+01
   7.24444400e+01  2.95523080e-01 -2.10132580e+00  5.00000000e+00]
 [ 5.00000000e+00  2.10000000e+02  9.00000000e+00  0.00000000e+00
   1.11111110e-01  2.16666720e+00  1.66999820e+00  4.44444400e+00
   2.61335600e+00  5.12962950e+01  4.54444430e+01  6.43333360e+01
   4.41111100e+01 -1.75555550e+01  3.91111100e+01 -2.15555550e+01
   6.43333360e+01  3.17566400e-01 -2.02089550e+00  5.00000000e+00]
 [ 2.23000000e+02  1.61000000e+02  9.00000000e+00  0.00000000e+00
   0.00000000e+00  1.38888930e+00  3.04073600e+00  8.99999900e+00
   3.10222340e+01  4.20370370e+01  3.60000000e+01  5.22222200e+01
   3.78888900e+01 -1.81111100e+01  3.05555550e+01 -1.24444450e+01
   5.22222200e+01  3.08416460e-01 -2.28229500e+00  5.00000000e+00]
 [ 2.52000000e+02  2.01000000e+02  9.00000000e+00  0.00000000e+00
   0.00000000e+00  4.61111070e+00  5.49511500e+00  5.55555530e+00
   5.79527400e+00  4.02962950e+01  3.57777800e+01  4.90000000e+01
   3.61111100e+01 -1.35555550e+01  2.61111100e+01 -1.25555550e+01
   4.90000000e+01  2.75368200e-01 -2.17582560e+00  5.00000000e+00]
 [ 1.05000000e+02  1.93000000e+02  9.00000000e+00  0.00000000e+00
   0.00000000e+00  3.22222200e+00  1.90515970e+00  2.88888930e+00
   2.17732550e+00  6.01111100e+01  5.31111100e+01  7.51111150e+01
   5.21111100e+01 -2.10000000e+01  4.50000000e+01 -2.40000000e+01
   7.51111150e+01  3.08465360e-01 -2.04776600e+00  5.00000000e+00]
 [ 2.33000000e+02  2.11000000e+02  9.00000000e+00  1.11111110e-01
   0.00000000e+00  2.66666670e+00  6.08888960e+00  1.66666660e+00
   1.73333330e+00  1.54444450e+01  1.24444450e+01  1.52222220e+01
   1.86666680e+01 -9.00000000e+00 -6.66666700e-01  9.66666700e+00
   1.86666680e+01  3.35421470e-01  2.55496450e+00  6.00000000e+00]
 [ 2.33000000e+02  1.84000000e+02  9.00000000e+00  0.00000000e+00
   0.00000000e+00  5.00000200e-01  7.77777660e-02  7.77777700e-01
   7.85185000e-01  1.18518510e+01  9.77777800e+00  9.88888900e+00
   1.58888890e+01 -6.22222230e+00 -5.88888900e+00  1.21111110e+01
   1.58888890e+01  4.05555550e-01  2.12864570e+00  6.00000000e+00]
 [ 1.17000000e+02  2.24000000e+02  9.00000000e+00  0.00000000e+00
   0.00000000e+00  3.05555560e+00  2.55965850e+00  3.05555560e+00
   3.02152730e+00  2.02592600e+01  1.54444450e+01  1.77777790e+01
   2.75555550e+01 -1.44444450e+01 -7.44444470e+00  2.18888900e+01
   2.75555550e+01  4.41516220e-01  2.30415320e+00  6.00000000e+00]
 [ 2.42000000e+02  1.83000000e+02  9.00000000e+00  0.00000000e+00
   0.00000000e+00  1.49999990e+00  9.36897900e-01  2.16666670e+00
   1.79814700e+00  1.53703700e+01  1.26666670e+01  1.24444450e+01
   2.10000000e+01 -8.11111100e+00 -8.77777800e+00  1.68888900e+01
   2.10000000e+01  4.20244040e-01  2.07587360e+00  6.00000000e+00]
 [ 8.00000000e+00  1.99000000e+02  9.00000000e+00  0.00000000e+00
   0.00000000e+00  1.66666710e+00  7.88810730e-01  1.38888930e+00
   7.12325330e-01  1.50000000e+01  1.33333330e+01  1.17777780e+01
   1.98888900e+01 -5.00000000e+00 -9.66666700e+00  1.46666670e+01
   1.98888900e+01  4.08884580e-01  1.90530260e+00  6.00000000e+00]
 [ 2.04000000e+02  1.56000000e+02  9.00000000e+00  0.00000000e+00
   0.00000000e+00  5.00000300e-01  2.78886260e-01  1.99999960e+00
   5.57773230e-01  2.37037030e+01  1.73333340e+01  2.54444450e+01
   2.83333340e+01 -1.91111100e+01  5.22222230e+00  1.38888890e+01
   2.83333340e+01  3.89034060e-01  2.86493060e+00  6.00000000e+00]]

result of iteration 1
33.33333333333333

train_data, group  2 length:  168
[[121.         113.           9.         ...   0.39658895  -1.5856091
    0.        ]
 [ 80.          95.           9.         ...   0.39043593  -1.5673273
    0.        ]
 [ 23.          85.           9.         ...   0.39975148  -1.386867
    0.        ]
 ...
 [ 62.         223.           9.         ...   0.5931498    2.0465877
    6.        ]
 [ 89.         221.           9.         ...   0.44601154   2.3172119
    6.        ]
 [208.         240.           9.         ...   0.42162097   2.3924873
    6.        ]]
condensed KNN train data length 54
test_data, group  2 length: 42
[[ 9.50000000e+01  5.70000000e+01  9.00000000e+00  0.00000000e+00
   0.00000000e+00  1.83333270e+00  3.41111060e+00  2.11111070e+00
   1.71851750e+00  2.62962970e+01  2.46666660e+01  3.44444470e+01
   1.97777790e+01 -4.88888900e+00  2.44444450e+01 -1.95555550e+01
   3.44444470e+01  4.25690950e-01 -1.73901740e+00  0.00000000e+00]
 [ 9.60000000e+01  8.40000000e+01  9.00000000e+00  0.00000000e+00
   0.00000000e+00  1.50000040e+00  1.27777730e+00  1.61111070e+00
   2.28518820e+00  2.38518520e+01  2.35555550e+01  3.00000000e+01
   1.80000000e+01 -8.88888900e-01  1.84444450e+01 -1.75555550e+01
   3.00000000e+01  3.98791070e-01 -1.59886700e+00  0.00000000e+00]
 [ 1.38000000e+02  1.16000000e+02  9.00000000e+00  0.00000000e+00
   0.00000000e+00  6.11111100e-01  1.51851880e-01  4.44444500e-01
   2.07407390e-01  6.48148160e+00  7.55555530e+00  8.22222200e+00
   3.66666670e+00  3.22222230e+00  5.22222230e+00 -8.44444500e+00
   8.33333400e+00  5.59171100e-01 -1.19107010e+00  0.00000000e+00]
 [ 8.00000000e+01  1.16000000e+02  9.00000000e+00  0.00000000e+00
   0.00000000e+00  1.50000000e+00  1.63333280e+00  1.55555570e+00
   8.74074040e-01  2.17037030e+01  2.12222210e+01  2.75555550e+01
   1.63333340e+01 -1.44444440e+00  1.75555550e+01 -1.61111100e+01
   2.75555550e+01  4.07364220e-01 -1.63224260e+00  0.00000000e+00]
 [ 1.60000000e+01  1.28000000e+02  9.00000000e+00  0.00000000e+00
   0.00000000e+00  5.00000000e-01  7.77777660e-02  6.66666750e-01
   3.11111180e-01  5.55555530e+00  6.88888900e+00  6.66666650e+00
   3.11111120e+00  4.00000000e+00  3.33333330e+00 -7.33333350e+00
   7.11111100e+00  5.61507940e-01 -9.85810760e-01  0.00000000e+00]
 [ 1.80000000e+01  1.45000000e+02  9.00000000e+00  0.00000000e+00
   0.00000000e+00  3.88888960e-01  1.85184960e-02  6.11111100e-01
   3.74074100e-01  3.92592600e+00  5.55555530e+00  4.00000000e+00
   2.22222230e+00  4.88888900e+00  2.22222220e-01 -5.11111100e+00
   5.55555530e+00  6.00529100e-01 -5.70940000e-01  0.00000000e+00]
 [ 6.00000000e+01  5.20000000e+01  9.00000000e+00  0.00000000e+00
   0.00000000e+00  7.22222600e-01  5.96301100e-01  7.77777400e-01
   7.40743600e-01  1.11629630e+02  1.01000000e+02  1.29222230e+02
   1.04666664e+02 -3.18888900e+01  5.27777800e+01 -2.08888900e+01
   1.29222230e+02  2.18379350e-01 -2.22968480e+00  1.00000000e+00]
 [ 9.20000000e+01  5.60000000e+01  9.00000000e+00  0.00000000e+00
   0.00000000e+00  4.44442750e-01  2.96294060e-02  8.33333300e-01
   5.66667700e-01  1.26000000e+02  1.15888885e+02  1.40666670e+02
   1.21444440e+02 -3.03333340e+01  4.40000000e+01 -1.36666670e+01
   1.40666670e+02  1.76060530e-01 -2.32678270e+00  1.00000000e+00]
 [ 1.43000000e+02  2.40000000e+01  9.00000000e+00  0.00000000e+00
   0.00000000e+00  1.27777730e+00  9.07405600e-01  8.88888060e-01
   1.14074890e+00  1.27629630e+02  1.17666664e+02  1.41666670e+02
   1.23555560e+02 -2.98888900e+01  4.21111100e+01 -1.22222220e+01
   1.41666670e+02  1.69396920e-01 -2.34925200e+00  1.00000000e+00]
 [ 1.65000000e+02  9.90000000e+01  9.00000000e+00  0.00000000e+00
   0.00000000e+00  8.88890560e-01  4.74073920e-01  7.77778600e-01
   4.74073530e-01  9.34074100e+01  7.90000000e+01  1.18000000e+02
   8.32222200e+01 -4.32222200e+01  7.37777800e+01 -3.05555550e+01
   1.18000000e+02  3.30417570e-01 -2.20775650e+00  1.00000000e+00]
 [ 2.10000000e+01  9.00000000e+01  9.00000000e+00  0.00000000e+00
   0.00000000e+00  6.66667940e-01  4.44441470e-02  7.77778600e-01
   5.62962830e-01  1.13481480e+02  1.05888885e+02  1.28555560e+02
   1.06000000e+02 -2.27777790e+01  4.52222200e+01 -2.24444450e+01
   1.28555560e+02  1.79697230e-01 -2.09781480e+00  1.00000000e+00]
 [ 8.00000000e+00  3.90000000e+01  9.00000000e+00  1.11111110e-01
   0.00000000e+00  1.38889060e+00  1.12962900e+00  1.83333340e+00
   6.99999000e-01  1.13370370e+02  1.02555560e+02  1.32000000e+02
   1.05555560e+02 -3.24444430e+01  5.58888900e+01 -2.34444450e+01
   1.32000000e+02  2.22953590e-01 -2.19815780e+00  1.00000000e+00]
 [ 2.26000000e+02  1.10000000e+02  9.00000000e+00  0.00000000e+00
   0.00000000e+00  3.33333340e-01  8.88888700e-02  4.99999970e-01
   2.11111100e-01  1.66666660e+00  1.11111110e-01  4.44444470e+00
   4.44444450e-01 -4.66666650e+00  8.33333300e+00 -3.66666670e+00
   4.44444470e+00  9.77777800e-01 -2.15598370e+00  2.00000000e+00]
 [ 5.90000000e+01  1.20000000e+02  9.00000000e+00  0.00000000e+00
   0.00000000e+00  2.16666670e+00  1.98606340e+00  1.44444410e+00
   1.86983850e+00  1.90740740e+01  1.05555550e+01  3.31111100e+01
   1.35555550e+01 -2.55555550e+01  4.21111100e+01 -1.65555550e+01
   3.31111100e+01  6.81266400e-01 -2.23126080e+00  2.00000000e+00]
 [ 5.80000000e+01  1.09000000e+02  9.00000000e+00  0.00000000e+00
   0.00000000e+00  8.88888900e-01  2.51851650e-01  2.83333330e+00
   1.67777700e+00  4.29629600e+00  1.44444440e+00  8.44444500e+00
   3.00000000e+00 -8.55555500e+00  1.24444450e+01 -3.88888880e+00
   8.44444500e+00  8.64482400e-01 -2.28378730e+00  2.00000000e+00]
 [ 2.10000000e+01  1.22000000e+02  9.00000000e+00  0.00000000e+00
   0.00000000e+00  4.44444450e-01  4.03686700e-01  4.44444450e-01
   4.03686700e-01  5.55555600e-01  0.00000000e+00  1.22222220e+00
   4.44444450e-01 -1.66666660e+00  2.00000000e+00 -3.33333340e-01
   1.22222220e+00  5.55555600e-01 -2.44456270e+00  2.00000000e+00]
 [ 1.40000000e+02  1.24000000e+02  9.00000000e+00  0.00000000e+00
   0.00000000e+00  1.00000000e+00  4.44444540e-01  1.11111120e+00
   1.05185160e+00  2.51851840e+00  2.22222220e-01  6.11111100e+00
   1.22222220e+00 -6.88888900e+00  1.07777780e+01 -3.88888880e+00
   6.11111100e+00  9.73765430e-01 -2.26746200e+00  2.00000000e+00]
 [ 8.00000000e+01  8.70000000e+01  9.00000000e+00  0.00000000e+00
   1.11111110e-01  2.43888910e+01  5.72996400e+02  4.47222250e+01
   1.38632920e+03  6.74444400e+01  5.87777800e+01  7.90000000e+01
   6.45555600e+01 -2.60000000e+01  3.46666680e+01 -8.66666700e+00
   7.90000000e+01  3.06281270e-01 -2.42212720e+00  2.00000000e+00]
 [ 1.50000000e+02  1.58000000e+02  9.00000000e+00  0.00000000e+00
   0.00000000e+00  2.16666700e+00  1.63333380e+00  1.38888900e+00
   4.18518070e-01  8.44444500e+00  7.00000000e+00  1.22222220e+01
   6.11111100e+00 -4.33333350e+00  1.13333330e+01 -7.00000000e+00
   1.22222220e+01  5.03086450e-01 -1.94344870e+00  3.00000000e+00]
 [ 1.97000000e+02  1.21000000e+02  9.00000000e+00  0.00000000e+00
   0.00000000e+00  2.16666660e+01  1.73628000e+01  9.44444360e-01
   9.04720800e-01  4.10370370e+01  3.74444430e+01  4.94444430e+01
   3.62222200e+01 -1.07777780e+01  2.52222210e+01 -1.44444450e+01
   4.94444430e+01  2.80577750e-01 -1.99553610e+00  3.00000000e+00]
 [ 2.36000000e+02  1.17000000e+02  9.00000000e+00  0.00000000e+00
   0.00000000e+00  7.77778600e-01  4.03687060e-01  1.27777800e+00
   7.42867770e-01  4.58888900e+01  3.95555570e+01  5.84444430e+01
   3.96666680e+01 -1.90000000e+01  3.76666680e+01 -1.86666660e+01
   5.84444430e+01  3.30476880e-01 -2.09948020e+00  3.00000000e+00]
 [ 1.36000000e+02  4.50000000e+01  9.00000000e+00  0.00000000e+00
   0.00000000e+00  1.22222200e+00  1.54440590e+00  2.05555530e+00
   1.52631310e+00  5.30740740e+01  4.81111100e+01  6.37777800e+01
   4.73333320e+01 -1.48888890e+01  3.21111100e+01 -1.72222210e+01
   6.37777800e+01  2.59367320e-01 -2.04590490e+00  3.00000000e+00]
 [ 1.91000000e+02  1.19000000e+02  9.00000000e+00  0.00000000e+00
   0.00000000e+00  1.11111070e+00  1.29386150e+00  9.44445900e-01
   7.72202000e-01  3.98518520e+01  3.62222200e+01  4.82222200e+01
   3.51111100e+01 -1.08888890e+01  2.51111100e+01 -1.42222220e+01
   4.82222200e+01  2.71717250e-01 -2.00599980e+00  3.00000000e+00]
 [ 1.18000000e+02  1.26000000e+02  9.00000000e+00  0.00000000e+00
   0.00000000e+00  6.66666700e-01  3.99999740e-01  1.83333360e+00
   2.12222240e+00  2.05555550e+01  1.61111100e+01  2.86666660e+01
   1.68888900e+01 -1.33333330e+01  2.43333340e+01 -1.10000000e+01
   2.86666660e+01  4.37078000e-01 -2.15880470e+00  3.00000000e+00]
 [ 1.84000000e+02  1.45000000e+02  9.00000000e+00  0.00000000e+00
   0.00000000e+00  7.22222270e-01  6.11615900e-01  2.22222220e-01
   2.72165500e-01  5.55555600e-01  3.33333340e-01  1.22222220e+00
   1.11111110e-01 -6.66666700e-01  2.00000000e+00 -1.33333340e+00
   1.22222220e+00  5.27777800e-01 -1.92094360e+00  4.00000000e+00]
 [ 1.86000000e+02  1.20000000e+01  9.00000000e+00  0.00000000e+00
   0.00000000e+00  4.44444330e-01  2.72165480e-01  2.33333330e+00
   1.96638390e+00  6.25925900e+00  3.88888880e+00  1.13333330e+01
   3.55555560e+00 -7.11111100e+00  1.52222220e+01 -8.11111100e+00
   1.13333330e+01  6.87301600e-01 -2.05797800e+00  4.00000000e+00]
 [ 9.00000000e+01  1.34000000e+02  9.00000000e+00  0.00000000e+00
   0.00000000e+00  3.88888870e-01  1.85185280e-02  9.44444360e-01
   1.51852300e-01  2.11111120e+00  1.00000000e+00  4.66666700e+00
   6.66666700e-01 -3.33333330e+00  7.66666650e+00 -4.33333350e+00
   4.66666700e+00  8.81481470e-01 -2.01314350e+00  4.00000000e+00]
 [ 1.89000000e+02  1.44000000e+02  9.00000000e+00  0.00000000e+00
   0.00000000e+00  0.00000000e+00  0.00000000e+00  0.00000000e+00
   0.00000000e+00  0.00000000e+00  0.00000000e+00  0.00000000e+00
   0.00000000e+00  0.00000000e+00  0.00000000e+00  0.00000000e+00
   0.00000000e+00  0.00000000e+00  0.00000000e+00  4.00000000e+00]
 [ 2.29000000e+02  1.04000000e+02  9.00000000e+00  0.00000000e+00
   0.00000000e+00  4.99999850e-01  5.47722340e-01  2.83333330e+00
   2.04124210e+00  1.97777790e+01  1.63333340e+01  2.61111100e+01
   1.68888900e+01 -1.03333330e+01  1.90000000e+01 -8.66666700e+00
   2.61111100e+01  3.75532330e-01 -2.15063760e+00  4.00000000e+00]
 [ 1.57000000e+02  8.50000000e+01  9.00000000e+00  0.00000000e+00
   0.00000000e+00  1.22222230e+00  1.24126570e+00  2.22222330e-01
   1.72132640e-01  1.89259260e+01  1.45555550e+01  2.68888900e+01
   1.53333330e+01 -1.31111110e+01  2.38888900e+01 -1.07777780e+01
   2.68888900e+01  4.59024460e-01 -2.16091250e+00  4.00000000e+00]
 [ 1.51000000e+02  1.63000000e+02  9.00000000e+00  0.00000000e+00
   0.00000000e+00  2.05555560e+00  2.28518630e+00  1.81666660e+01
   4.19889340e+01  4.00000000e+01  3.45555570e+01  4.80000000e+01
   3.74444430e+01 -1.63333340e+01  2.40000000e+01 -7.66666650e+00
   4.81111100e+01  2.63846500e-01 -2.51749010e+00  5.00000000e+00]
 [ 1.82000000e+02  1.86000000e+02  9.00000000e+00  1.11111110e-01
   0.00000000e+00  3.66666600e+00  2.04396080e+00  1.77777670e+00
   1.24126610e+00  4.84444430e+01  4.37777800e+01  5.98888900e+01
   4.16666680e+01 -1.40000000e+01  3.43333320e+01 -2.03333340e+01
   5.98888900e+01  3.04521950e-01 -1.97305550e+00  5.00000000e+00]
 [ 1.18000000e+02  1.80000000e+02  9.00000000e+00  0.00000000e+00
   0.00000000e+00  1.94444470e+00  1.48199130e+00  3.11111140e+00
   1.08866290e+00  4.85555570e+01  4.41111100e+01  5.90000000e+01
   4.25555570e+01 -1.33333330e+01  3.13333340e+01 -1.80000000e+01
   5.90000000e+01  2.78822180e-01 -1.99604230e+00  5.00000000e+00]
 [ 1.98000000e+02  1.83000000e+02  9.00000000e+00  0.00000000e+00
   0.00000000e+00  1.05555470e+00  1.18164970e+00  3.38888810e+00
   1.59745060e+00  5.40370370e+01  4.88888900e+01  6.65555600e+01
   4.66666680e+01 -1.54444450e+01  3.75555570e+01 -2.21111100e+01
   6.65555600e+01  2.98621700e-01 -1.97495890e+00  5.00000000e+00]
 [ 2.19000000e+02  1.76000000e+02  9.00000000e+00  0.00000000e+00
   1.11111110e-01  2.11111190e+00  1.85791700e+00  5.11111100e+00
   2.84149310e+00  6.02962950e+01  5.33333320e+01  7.56666700e+01
   5.18888900e+01 -2.08888900e+01  4.61111100e+01 -2.52222210e+01
   7.56666700e+01  3.14462420e-01 -2.03064820e+00  5.00000000e+00]
 [ 7.70000000e+01  1.85000000e+02  9.00000000e+00  0.00000000e+00
   0.00000000e+00  2.94444500e+00  7.66295860e+00  6.22222140e+00
   3.21185230e+01  3.25555570e+01  2.92222210e+01  3.96666680e+01
   2.87777790e+01 -1.00000000e+01  2.13333340e+01 -1.13333330e+01
   3.96666680e+01  2.70360380e-01 -2.08527160e+00  5.00000000e+00]
 [ 2.90000000e+01  1.95000000e+02  9.00000000e+00  0.00000000e+00
   0.00000000e+00  4.44444330e-01  4.03686520e-01  6.11110870e-01
   6.80413600e-01  1.60370370e+01  1.44444450e+01  1.33333330e+01
   2.03333340e+01 -4.77777770e+00 -8.11111100e+00  1.28888890e+01
   2.03333340e+01  3.42306940e-01  1.94303990e+00  6.00000000e+00]
 [ 2.37000000e+02  1.91000000e+02  9.00000000e+00  0.00000000e+00
   0.00000000e+00  1.00000000e+00  3.11111060e-01  1.50000000e+00
   1.01111090e+00  7.33333350e+00  5.33333350e+00  5.44444470e+00
   1.12222220e+01 -6.00000000e+00 -5.66666650e+00  1.16666670e+01
   1.12222220e+01  5.35819700e-01  2.12242250e+00  6.00000000e+00]
 [ 6.30000000e+01  2.20000000e+02  9.00000000e+00  0.00000000e+00
   0.00000000e+00  3.05555600e+00  1.52629595e+01  3.66666670e+00
   6.08888960e+00  8.18518500e+00  6.55555530e+00  6.44444470e+00
   1.15555550e+01 -4.88888900e+00 -5.22222230e+00  1.01111110e+01
   1.15555550e+01  4.86717280e-01  2.09314970e+00  6.00000000e+00]
 [ 2.00000000e+00  2.45000000e+02  9.00000000e+00  0.00000000e+00
   0.00000000e+00  1.88888880e+00  2.16296300e+00  3.16666670e+00
   3.27777810e+00  6.40740730e+00  6.22222230e+00  6.00000000e+00
   7.00000000e+00 -5.55555600e-01 -1.22222220e+00  1.77777780e+00
   7.22222230e+00  1.91049380e-01  1.75664510e+00  6.00000000e+00]
 [ 1.03000000e+02  2.16000000e+02  9.00000000e+00  0.00000000e+00
   0.00000000e+00  8.88888840e-01  6.51851700e-01  2.16666630e+00
   1.14444420e+00  1.45555550e+01  1.08888890e+01  1.36666670e+01
   1.91111100e+01 -1.10000000e+01 -2.66666670e+00  1.36666670e+01
   1.91111100e+01  4.31695760e-01  2.44754670e+00  6.00000000e+00]
 [ 5.70000000e+01  1.77000000e+02  9.00000000e+00  0.00000000e+00
   0.00000000e+00  9.44444950e-01  5.51851630e-01  1.44444430e+00
   1.71852000e+00  1.95925920e+01  1.57777780e+01  1.84444450e+01
   2.45555550e+01 -1.14444450e+01 -3.44444440e+00  1.48888890e+01
   2.45555550e+01  3.58990400e-01  2.41326200e+00  6.00000000e+00]]

result of iteration 2
38.095238095238095

train_data, group  3 length:  168
[[121.         113.           9.         ...   0.39658895  -1.5856091
    0.        ]
 [ 80.          95.           9.         ...   0.39043593  -1.5673273
    0.        ]
 [ 23.          85.           9.         ...   0.39975148  -1.386867
    0.        ]
 ...
 [ 62.         223.           9.         ...   0.5931498    2.0465877
    6.        ]
 [ 89.         221.           9.         ...   0.44601154   2.3172119
    6.        ]
 [208.         240.           9.         ...   0.42162097   2.3924873
    6.        ]]
condensed KNN train data length 61
test_data, group  3 length: 42
[[ 1.80000000e+01  1.38000000e+02  9.00000000e+00  0.00000000e+00
   0.00000000e+00  8.88888840e-01  5.62962900e-01  8.33333250e-01
   2.99999860e-01  5.74074100e+00  7.33333350e+00  6.55555530e+00
   3.33333330e+00  4.77777770e+00  2.44444440e+00 -7.22222230e+00
   7.33333350e+00  5.43871200e-01 -8.62107700e-01  0.00000000e+00]
 [ 2.20000000e+01  1.16000000e+02  9.00000000e+00  0.00000000e+00
   0.00000000e+00  3.88888750e-01  1.07407410e-01  3.33333250e-01
   1.33333340e-01  5.62962960e+00  6.77777770e+00  7.00000000e+00
   3.11111120e+00  3.44444440e+00  4.11111100e+00 -7.55555530e+00
   7.33333350e+00  5.75396840e-01 -1.09962370e+00  0.00000000e+00]
 [ 1.20000000e+02  1.36000000e+02  9.00000000e+00  0.00000000e+00
   0.00000000e+00  6.11111160e-01  4.18518700e-01  1.00000010e+00
   4.44444400e-01  6.25925900e+00  7.77777770e+00  7.22222230e+00
   3.77777770e+00  4.55555530e+00  2.88888880e+00 -7.44444470e+00
   8.00000000e+00  5.29541430e-01 -9.24606560e-01  0.00000000e+00]
 [ 3.40000000e+01  1.37000000e+02  9.00000000e+00  0.00000000e+00
   0.00000000e+00  5.00000200e-01  1.66666730e-01  1.11111100e+00
   4.74074180e-01  5.85185200e+00  7.77777770e+00  6.44444470e+00
   3.33333330e+00  5.77777770e+00  1.77777780e+00 -7.55555530e+00
   7.77777770e+00  5.73633130e-01 -7.44271640e-01  0.00000000e+00]
 [ 1.10000000e+01  1.08000000e+02  9.00000000e+00  0.00000000e+00
   0.00000000e+00  1.33333350e+00  8.00000250e-01  1.38888880e+00
   9.51851670e-01  1.76666660e+01  1.90000000e+01  2.11111100e+01
   1.28888890e+01  4.00000000e+00  1.03333330e+01 -1.43333330e+01
   2.11111100e+01  3.88756450e-01 -1.30213330e+00  0.00000000e+00]
 [ 1.40000000e+01  1.10000000e+02  9.00000000e+00  0.00000000e+00
   0.00000000e+00  1.72222240e+00  5.35185050e+00  2.66666670e+00
   1.02222290e+00  1.79259260e+01  1.88888900e+01  2.14444450e+01
   1.34444450e+01  2.88888880e+00  1.05555550e+01 -1.34444450e+01
   2.14444450e+01  3.68848320e-01 -1.34509560e+00  0.00000000e+00]
 [ 1.79000000e+02  1.01000000e+02  9.00000000e+00  0.00000000e+00
   0.00000000e+00  4.44447850e-01  3.85187100e-01  6.11109440e-01
   3.29632820e-01  1.34925920e+02  1.26444440e+02  1.47222230e+02
   1.31111110e+02 -2.54444450e+01  3.68888900e+01 -1.14444450e+01
   1.47222230e+02  1.41106720e-01 -2.32873460e+00  1.00000000e+00]
 [ 6.70000000e+01  3.20000000e+01  9.00000000e+00  0.00000000e+00
   0.00000000e+00  9.44444000e-01  1.06284210e+00  1.77777860e+00
   1.31092150e+00  1.26222220e+02  1.15111115e+02  1.42222230e+02
   1.21333336e+02 -3.33333320e+01  4.80000000e+01 -1.46666670e+01
   1.42222230e+02  1.90625040e-01 -2.33374600e+00  1.00000000e+00]
 [ 1.12000000e+02  3.00000000e+01  9.00000000e+00  0.00000000e+00
   0.00000000e+00  5.55557250e-01  2.72164400e-01  1.22222270e+00
   7.20082500e-01  1.13259260e+02  1.00777780e+02  1.30111110e+02
   1.08888885e+02 -3.74444430e+01  5.05555570e+01 -1.31111110e+01
   1.30111110e+02  2.25383760e-01 -2.38530760e+00  1.00000000e+00]
 [ 2.28000000e+02  2.00000000e+01  9.00000000e+00  0.00000000e+00
   0.00000000e+00  1.05555470e+00  4.90655180e-01  8.33333300e-01
   7.52773300e-01  1.25000000e+02  1.14000000e+02  1.40555560e+02
   1.20444440e+02 -3.30000000e+01  4.66666680e+01 -1.36666670e+01
   1.40555560e+02  1.88891660e-01 -2.34800600e+00  1.00000000e+00]
 [ 1.88000000e+02  4.20000000e+01  9.00000000e+00  0.00000000e+00
   0.00000000e+00  7.77778600e-01  5.44329900e-01  1.66666790e+00
   1.26490810e+00  1.08925930e+02  9.56666640e+01  1.26222220e+02
   1.04888885e+02 -3.97777800e+01  5.18888900e+01 -1.21111110e+01
   1.26222220e+02  2.41934050e-01 -2.41038780e+00  1.00000000e+00]
 [ 4.40000000e+01  7.90000000e+01  9.00000000e+00  0.00000000e+00
   0.00000000e+00  4.44444030e-01  3.44264860e-01  7.77778600e-01
   4.03686400e-01  1.07740740e+02  9.38888850e+01  1.26555560e+02
   1.02777780e+02 -4.15555570e+01  5.64444430e+01 -1.48888890e+01
   1.26555560e+02  2.58079100e-01 -2.37796520e+00  1.00000000e+00]
 [ 6.80000000e+01  1.03000000e+02  9.00000000e+00  0.00000000e+00
   0.00000000e+00  6.66666750e-01  5.77777740e-01  1.11111100e+00
   9.62963340e-01  2.14814800e+00  1.11111110e-01  5.66666650e+00
   6.66666700e-01 -6.11111100e+00  1.05555550e+01 -4.44444470e+00
   5.66666650e+00  9.87654300e-01 -2.18546580e+00  2.00000000e+00]
 [ 2.31000000e+02  1.24000000e+02  9.00000000e+00  0.00000000e+00
   0.00000000e+00  3.44444470e+00  1.49629650e+01  1.83333340e+00
   6.43333530e+00  3.00000000e+00  1.44444440e+00  5.88888900e+00
   1.66666660e+00 -4.66666650e+00  8.66666700e+00 -4.00000000e+00
   5.88888900e+00  8.95369000e-01 -2.11893700e+00  2.00000000e+00]
 [ 1.40000000e+02  1.25000000e+02  9.00000000e+00  0.00000000e+00
   0.00000000e+00  6.66666570e-01  2.22222270e-01  2.66666670e+00
   3.77777810e+00  3.92592600e+00  1.55555560e+00  7.77777770e+00
   2.44444440e+00 -7.11111100e+00  1.15555550e+01 -4.44444470e+00
   7.77777770e+00  8.53198650e-01 -2.23424080e+00  2.00000000e+00]
 [ 9.40000000e+01  1.44000000e+02  9.00000000e+00  0.00000000e+00
   0.00000000e+00  4.44444420e-01  1.18518494e-01  4.99999970e-01
   1.66666700e-01  1.14814820e+00  0.00000000e+00  3.44444440e+00
   0.00000000e+00 -3.44444440e+00  6.88888900e+00 -3.44444440e+00
   3.44444440e+00  1.00000000e+00 -2.09439520e+00  2.00000000e+00]
 [ 4.50000000e+01  8.90000000e+01  9.00000000e+00  0.00000000e+00
   0.00000000e+00  7.77777700e-01  3.40740900e-01  7.77777730e-01
   4.74073980e-01  2.29629640e+00  1.11111110e-01  6.44444470e+00
   3.33333340e-01 -6.55555530e+00  1.24444450e+01 -5.88888900e+00
   6.44444470e+00  9.86111100e-01 -2.12390470e+00  2.00000000e+00]
 [ 6.90000000e+01  1.39000000e+02  9.00000000e+00  0.00000000e+00
   0.00000000e+00  2.83333280e+00  1.77325880e+00  2.11111120e+00
   1.66888710e+00  1.80740740e+01  1.60000000e+01  2.25555550e+01
   1.56666670e+01 -6.22222230e+00  1.34444450e+01 -7.22222230e+00
   2.38888900e+01  3.86611820e-01 -1.70283340e+00  2.00000000e+00]
 [ 1.63000000e+02  6.80000000e+01  9.00000000e+00  0.00000000e+00
   0.00000000e+00  1.83333400e+00  2.21111000e+00  1.55555590e+00
   9.62962870e-01  5.67777800e+01  5.20000000e+01  6.82222200e+01
   5.01111100e+01 -1.43333330e+01  3.43333320e+01 -2.00000000e+01
   6.82222200e+01  2.65052770e-01 -1.98430780e+00  3.00000000e+00]
 [ 1.41000000e+02  1.70000000e+01  9.00000000e+00  1.11111110e-01
   2.22222220e-01  3.72222260e+00  4.44930270e+00  5.00000000e+00
   2.31900400e+00  4.45925940e+01  4.03333360e+01  5.40000000e+01
   3.94444430e+01 -1.27777780e+01  2.82222210e+01 -1.54444450e+01
   5.40000000e+01  2.68185940e-01 -2.03004800e+00  3.00000000e+00]
 [ 1.40000000e+01  1.46000000e+02  9.00000000e+00  1.11111110e-01
   0.00000000e+00  8.88889000e-01  4.74073800e-01  1.11111120e+00
   7.40740700e-01  1.05925920e+01  8.00000000e+00  1.56666670e+01
   8.11111200e+00 -7.77777770e+00  1.52222220e+01 -7.44444470e+00
   1.56666670e+01  4.87864260e-01 -2.10891080e+00  3.00000000e+00]
 [ 6.60000000e+01  1.60000000e+02  9.00000000e+00  0.00000000e+00
   0.00000000e+00  3.00000070e+00  4.04444700e+00  2.77777800e+00
   4.29629500e-01  2.28518520e+01  1.82222210e+01  3.15555550e+01
   1.87777790e+01 -1.38888890e+01  2.61111100e+01 -1.22222220e+01
   3.15555550e+01  4.26013900e-01 -2.13872580e+00  3.00000000e+00]
 [ 2.43000000e+02  1.20000000e+02  9.00000000e+00  0.00000000e+00
   0.00000000e+00  4.44444470e+00  4.35974900e+00  1.55555470e+00
   1.83383870e+00  4.78518520e+01  4.47777800e+01  5.63333320e+01
   4.24444430e+01 -9.22222200e+00  2.54444450e+01 -1.62222210e+01
   5.63333320e+01  2.45321300e-01 -1.91073490e+00  3.00000000e+00]
 [ 1.91000000e+02  1.01000000e+02  9.00000000e+00  0.00000000e+00
   0.00000000e+00  1.11111200e+00  7.79363500e-01  1.11111130e+00
   1.18634200e+00  4.50370370e+01  3.90000000e+01  5.71111100e+01
   3.90000000e+01 -1.81111100e+01  3.62222200e+01 -1.81111100e+01
   5.71111100e+01  3.22732990e-01 -2.09430270e+00  3.00000000e+00]
 [ 1.60000000e+02  4.10000000e+01  9.00000000e+00  0.00000000e+00
   0.00000000e+00  8.33333300e-01  8.09663800e-01  2.22222250e-01
   1.72132580e-01  7.03703700e-01  5.55555600e-01  1.22222220e+00
   3.33333340e-01 -4.44444450e-01  1.55555560e+00 -1.11111120e+00
   1.22222220e+00  5.37037000e-01 -1.84512050e+00  4.00000000e+00]
 [ 2.39000000e+02  9.30000000e+01  9.00000000e+00  0.00000000e+00
   0.00000000e+00  3.44444400e+00  1.34963010e+01  1.05555550e+00
   8.62962370e-01  1.44074080e+01  9.88888900e+00  2.28888900e+01
   1.04444450e+01 -1.35555550e+01  2.54444450e+01 -1.18888890e+01
   2.28888900e+01  5.77002350e-01 -2.13749340e+00  4.00000000e+00]
 [ 2.00000000e+01  1.34000000e+02  9.00000000e+00  0.00000000e+00
   0.00000000e+00  6.66666700e-01  8.88889950e-02  6.11111160e-01
   2.40740720e-01  2.96296290e+00  1.11111120e+00  6.44444470e+00
   1.33333340e+00 -5.55555530e+00  1.04444450e+01 -4.88888900e+00
   6.44444470e+00  8.29232800e-01 -2.13309500e+00  4.00000000e+00]
 [ 2.10000000e+02  1.53000000e+02  9.00000000e+00  0.00000000e+00
   0.00000000e+00  0.00000000e+00  0.00000000e+00  0.00000000e+00
   0.00000000e+00  0.00000000e+00  0.00000000e+00  0.00000000e+00
   0.00000000e+00  0.00000000e+00  0.00000000e+00  0.00000000e+00
   0.00000000e+00  0.00000000e+00  0.00000000e+00  4.00000000e+00]
 [ 4.30000000e+01  1.52000000e+02  9.00000000e+00  0.00000000e+00
   0.00000000e+00  1.94444450e+00  1.70740820e+00  1.22222220e+00
   8.29629900e-01  1.51851860e+00  1.00000000e+00  2.88888880e+00
   6.66666700e-01 -1.55555560e+00  4.11111100e+00 -2.55555560e+00
   2.88888880e+00  6.48677230e-01 -1.93323890e+00  4.00000000e+00]
 [ 2.08000000e+02  3.40000000e+01  9.00000000e+00  0.00000000e+00
   0.00000000e+00  1.72222240e+00  1.73098110e+00  4.44444500e-01
   5.01848340e-01  1.44444450e+01  1.07777780e+01  2.10000000e+01
   1.15555550e+01 -1.10000000e+01  1.96666660e+01 -8.66666700e+00
   2.10000000e+01  4.79958000e-01 -2.16238260e+00  4.00000000e+00]
 [ 1.12000000e+02  1.97000000e+02  9.00000000e+00  0.00000000e+00
   0.00000000e+00  4.22222330e+00  2.99382110e+00  4.94444470e+00
   3.12279460e+00  5.03333320e+01  4.46666680e+01  6.22222200e+01
   4.41111100e+01 -1.70000000e+01  3.56666680e+01 -1.86666660e+01
   6.22222200e+01  2.96328490e-01 -2.07122090e+00  5.00000000e+00]
 [ 2.44000000e+02  1.94000000e+02  9.00000000e+00  0.00000000e+00
   0.00000000e+00  1.72222200e+00  1.14342000e+00  2.27777800e+00
   2.03761000e+00  4.97407400e+01  4.44444430e+01  6.16666680e+01
   4.31111100e+01 -1.58888890e+01  3.57777800e+01 -1.98888900e+01
   6.16666680e+01  3.00853070e-01 -2.02183750e+00  5.00000000e+00]
 [ 8.60000000e+01  1.93000000e+02  9.00000000e+00  0.00000000e+00
   0.00000000e+00  3.27777930e+00  1.65215930e+00  2.22222200e+00
   1.80943970e+00  6.14074060e+01  5.36666680e+01  7.65555600e+01
   5.40000000e+01 -2.32222210e+01  4.54444430e+01 -2.22222210e+01
   7.65555600e+01  2.99578960e-01 -2.10937480e+00  5.00000000e+00]
 [ 1.89000000e+02  1.87000000e+02  9.00000000e+00  0.00000000e+00
   0.00000000e+00  1.22222270e+00  1.00369740e+00  3.05555530e+00
   2.38901930e+00  4.85185200e+01  4.41111100e+01  5.98888900e+01
   4.15555570e+01 -1.32222220e+01  3.41111100e+01 -2.08888900e+01
   5.98888900e+01  3.05754570e-01 -1.94747150e+00  5.00000000e+00]
 [ 2.05000000e+02  1.90000000e+02  9.00000000e+00  0.00000000e+00
   0.00000000e+00  1.27777730e+00  9.98145200e-01  1.61111070e+00
   1.12381580e+00  4.94814800e+01  4.47777800e+01  6.06666680e+01
   4.30000000e+01 -1.41111110e+01  3.35555570e+01 -1.94444450e+01
   6.06666680e+01  2.90788440e-01 -1.98759890e+00  5.00000000e+00]
 [ 8.80000000e+01  1.80000000e+02  9.00000000e+00  0.00000000e+00
   0.00000000e+00  1.49999940e+00  9.36898230e-01  3.83333200e+00
   2.88867500e+00  5.04074060e+01  4.52222200e+01  6.23333320e+01
   4.36666680e+01 -1.55555550e+01  3.57777800e+01 -2.02222210e+01
   6.23333320e+01  3.00918200e-01 -2.00871920e+00  5.00000000e+00]
 [ 1.97000000e+02  2.36000000e+02  9.00000000e+00  0.00000000e+00
   0.00000000e+00  2.44444440e+00  6.82962800e+00  3.33333330e+00
   7.59999800e+00  1.60740740e+01  1.31111110e+01  1.66666680e+01
   1.84444450e+01 -8.88888900e+00  1.77777780e+00  7.11111100e+00
   1.85555550e+01  2.92728840e-01  2.78980020e+00  6.00000000e+00]
 [ 9.30000000e+01  2.36000000e+02  9.00000000e+00  1.11111110e-01
   0.00000000e+00  1.77777770e+00  2.69629650e+00  1.99999990e+00
   9.33333340e-01  1.25185180e+01  9.55555500e+00  1.07777780e+01
   1.72222230e+01 -8.88888900e+00 -5.22222230e+00  1.41111110e+01
   1.72222230e+01  4.47246580e-01  2.26719740e+00  6.00000000e+00]
 [ 1.86000000e+02  2.18000000e+02  9.00000000e+00  0.00000000e+00
   0.00000000e+00  1.16666660e+00  7.44444250e-01  1.16666650e+00
   6.55555070e-01  1.37037040e+01  1.06666670e+01  1.26666670e+01
   1.77777790e+01 -9.11111100e+00 -3.11111120e+00  1.22222220e+01
   1.77777790e+01  4.01346830e-01  2.38268350e+00  6.00000000e+00]
 [ 2.00000000e+02  2.15000000e+02  9.00000000e+00  0.00000000e+00
   0.00000000e+00  1.55555590e+00  9.58394050e-01  4.72222200e+00
   2.64505150e+00  2.30370370e+01  1.71111100e+01  2.25555550e+01
   2.94444450e+01 -1.77777790e+01 -1.44444440e+00  1.92222210e+01
   2.94444450e+01  4.20766950e-01  2.56104870e+00  6.00000000e+00]
 [ 2.00000000e+02  2.50000000e+02  9.00000000e+00  0.00000000e+00
   0.00000000e+00  2.27777770e+00  1.42074600e+00  1.44444450e+00
   1.02559880e+00  9.22222200e+00  6.55555530e+00  7.33333350e+00
   1.37777780e+01 -8.00000000e+00 -5.66666650e+00  1.36666670e+01
   1.37777780e+01  5.63390300e-01  2.19293550e+00  6.00000000e+00]
 [ 7.10000000e+01  1.80000000e+02  9.00000000e+00  1.11111110e-01
   0.00000000e+00  1.22222200e+00  5.62962500e-01  3.00000000e+00
   1.86666460e+00  2.23333340e+01  1.83333340e+01  2.14444450e+01
   2.72222210e+01 -1.20000000e+01 -2.66666670e+00  1.46666670e+01
   2.72222210e+01  3.27382600e-01  2.45383070e+00  6.00000000e+00]]

result of iteration 3
57.14285714285714

train_data, group  4 length:  168
[[121.         113.           9.         ...   0.39658895  -1.5856091
    0.        ]
 [ 80.          95.           9.         ...   0.39043593  -1.5673273
    0.        ]
 [ 23.          85.           9.         ...   0.39975148  -1.386867
    0.        ]
 ...
 [200.         215.           9.         ...   0.42076695   2.5610487
    6.        ]
 [200.         250.           9.         ...   0.5633903    2.1929355
    6.        ]
 [ 71.         180.           9.         ...   0.3273826    2.4538307
    6.        ]]
condensed KNN train data length 52
test_data, group  4 length: 42
[[ 1.40000000e+02  1.25000000e+02  9.00000000e+00  0.00000000e+00
   0.00000000e+00  2.77777900e-01  6.29630100e-02  6.66666750e-01
   3.11111180e-01  6.18518500e+00  7.33333350e+00  7.66666650e+00
   3.55555560e+00  3.44444440e+00  4.44444470e+00 -7.88888900e+00
   7.77777770e+00  5.45634900e-01 -1.12181820e+00  0.00000000e+00]
 [ 1.45000000e+02  1.02000000e+02  9.00000000e+00  0.00000000e+00
   0.00000000e+00  8.88888660e-01  6.07408300e-01  2.61111100e+00
   1.48518570e+00  2.30740740e+01  2.21111100e+01  2.97777790e+01
   1.73333340e+01 -2.88888880e+00  2.01111100e+01 -1.72222210e+01
   2.97777790e+01  4.17762580e-01 -1.68544040e+00  0.00000000e+00]
 [ 2.29000000e+02  1.24000000e+02  9.00000000e+00  0.00000000e+00
   0.00000000e+00  8.88889000e-01  7.40739850e-02  8.88888900e-01
   3.40740700e-01  5.88888900e+00  7.11111100e+00  7.11111100e+00
   3.44444440e+00  3.66666670e+00  3.66666670e+00 -7.33333350e+00
   7.55555530e+00  5.45855400e-01 -1.03766260e+00  0.00000000e+00]
 [ 1.21000000e+02  6.00000000e+01  9.00000000e+00  0.00000000e+00
   0.00000000e+00  2.27777800e+00  2.32962900e+00  2.88888900e+00
   2.87407420e+00  2.67407400e+01  2.46666660e+01  3.52222200e+01
   2.03333340e+01 -6.22222230e+00  2.54444450e+01 -1.92222210e+01
   3.52222200e+01  4.22300200e-01 -1.77611300e+00  0.00000000e+00]
 [ 3.90000000e+01  1.11000000e+02  9.00000000e+00  0.00000000e+00
   0.00000000e+00  7.22222270e-01  3.74074160e-01  8.88888900e-01
   4.29629500e-01  6.03703700e+00  7.00000000e+00  7.66666650e+00
   3.44444440e+00  2.88888880e+00  4.88888900e+00 -7.77777770e+00
   7.88888900e+00  5.62918840e-01 -1.17577250e+00  0.00000000e+00]
 [ 8.50000000e+01  1.01000000e+02  9.00000000e+00  0.00000000e+00
   0.00000000e+00  1.33333340e+00  1.28888810e+00  1.27777770e+00
   1.21851810e+00  2.12962970e+01  2.12222210e+01  2.67777790e+01
   1.58888890e+01 -2.22222220e-01  1.64444450e+01 -1.62222210e+01
   2.67777790e+01  4.04792200e-01 -1.55859920e+00  0.00000000e+00]
 [ 1.07000000e+02  2.10000000e+01  9.00000000e+00  0.00000000e+00
   0.00000000e+00  6.66661560e-01  5.16397830e-01  1.16666660e+00
   4.08248300e-01  1.26777780e+02  1.15777780e+02  1.41888890e+02
   1.22666664e+02 -3.30000000e+01  4.53333320e+01 -1.23333330e+01
   1.41888890e+02  1.84021890e-01 -2.37037180e+00  1.00000000e+00]
 [ 1.03000000e+02  6.40000000e+01  9.00000000e+00  0.00000000e+00
   0.00000000e+00  6.66666700e-01  6.99205400e-01  1.33333080e+00
   9.18935950e-01  1.08777780e+02  9.63333360e+01  1.26222220e+02
   1.03777780e+02 -3.73333320e+01  5.23333320e+01 -1.50000000e+01
   1.26222220e+02  2.36796800e-01 -2.35544250e+00  1.00000000e+00]
 [ 1.25000000e+02  4.60000000e+01  9.00000000e+00  1.11111110e-01
   0.00000000e+00  6.11109440e-01  6.11615840e-01  2.16666800e+00
   7.81735200e-01  1.24555560e+02  1.12777780e+02  1.41000000e+02
   1.19888885e+02 -3.53333320e+01  4.93333320e+01 -1.40000000e+01
   1.41000000e+02  2.00123760e-01 -2.35768800e+00  1.00000000e+00]
 [ 1.52000000e+02  1.80000000e+01  9.00000000e+00  0.00000000e+00
   0.00000000e+00  7.77777400e-01  4.55421900e-01  5.55557250e-01
   2.72164400e-01  1.12111115e+02  9.72222200e+01  1.30444440e+02
   1.08666664e+02 -4.46666680e+01  5.50000000e+01 -1.03333330e+01
   1.30444440e+02  2.54668400e-01 -2.45498000e+00  1.00000000e+00]
 [ 1.24000000e+02  2.90000000e+01  9.00000000e+00  0.00000000e+00
   0.00000000e+00  1.00000130e+00  7.11107600e-01  1.05555340e+00
   9.07416640e-01  1.28444440e+02  1.19222220e+02  1.42888890e+02
   1.23222220e+02 -2.76666660e+01  4.33333320e+01 -1.56666670e+01
   1.42888890e+02  1.65616140e-01 -2.27112800e+00  1.00000000e+00]
 [ 7.00000000e+00  1.80000000e+01  9.00000000e+00  0.00000000e+00
   0.00000000e+00  1.27777860e+00  7.29626500e-01  9.44445300e-01
   3.74079140e-01  1.38629620e+02  1.33333340e+02  1.47555560e+02
   1.35000000e+02 -1.58888890e+01  2.67777790e+01 -1.08888890e+01
   1.47555560e+02  9.63522340e-02 -2.21461150e+00  1.00000000e+00]
 [ 6.70000000e+01  1.36000000e+02  9.00000000e+00  0.00000000e+00
   0.00000000e+00  6.72222300e+00  3.70834880e+00  2.66666670e+00
   3.19722130e+00  1.55185180e+01  9.00000000e+00  2.53333340e+01
   1.22222220e+01 -1.95555550e+01  2.94444450e+01 -9.88888900e+00
   2.53333340e+01  6.60813030e-01 -2.30751090e+00  2.00000000e+00]
 [ 2.30000000e+01  1.29000000e+02  9.00000000e+00  0.00000000e+00
   0.00000000e+00  5.00000000e-01  7.77777950e-02  3.88888870e-01
   1.51851860e-01  5.18518500e-01  0.00000000e+00  1.55555560e+00
   0.00000000e+00 -1.55555560e+00  3.11111120e+00 -1.55555560e+00
   1.55555560e+00  7.77777800e-01 -2.09439520e+00  2.00000000e+00]
 [ 1.03000000e+02  1.25000000e+02  9.00000000e+00  0.00000000e+00
   0.00000000e+00  9.44444500e-01  8.27759150e-01  8.33333430e-01
   6.91214600e-01  1.77777780e+00  4.44444450e-01  3.88888880e+00
   1.00000000e+00 -4.00000000e+00  6.33333350e+00 -2.33333330e+00
   3.88888880e+00  9.23809500e-01 -2.23756170e+00  2.00000000e+00]
 [ 1.01000000e+02  1.21000000e+02  9.00000000e+00  1.11111110e-01
   0.00000000e+00  6.66666700e-01  8.43274000e-01  1.50000000e+00
   8.88193960e-01  3.40740750e+00  1.11111120e+00  6.00000000e+00
   3.11111120e+00 -6.88888900e+00  7.77777770e+00 -8.88888900e-01
   6.00000000e+00  8.43518500e-01 -2.51916480e+00  2.00000000e+00]
 [ 1.80000000e+01  8.70000000e+01  9.00000000e+00  0.00000000e+00
   0.00000000e+00  1.55555550e+00  1.96261320e+00  1.88888870e+00
   1.74695520e+00  2.92592600e+00  1.22222220e+00  5.66666650e+00
   1.88888880e+00 -5.11111100e+00  8.22222200e+00 -3.11111120e+00
   5.66666650e+00  8.62770560e-01 -2.22949340e+00  2.00000000e+00]
 [ 7.40000000e+01  1.29000000e+02  9.00000000e+00  0.00000000e+00
   0.00000000e+00  2.22222220e-01  2.96296370e-02  1.11111110e-01
   2.96296350e-02  5.18518500e-01  0.00000000e+00  1.55555560e+00
   0.00000000e+00 -1.55555560e+00  3.11111120e+00 -1.55555560e+00
   1.55555560e+00  1.00000000e+00 -2.09439520e+00  2.00000000e+00]
 [ 1.87000000e+02  8.00000000e+01  9.00000000e+00  0.00000000e+00
   0.00000000e+00  1.33333270e+00  7.11111400e-01  1.33333340e+00
   7.11108600e-01  4.05185200e+01  3.77777800e+01  4.76666680e+01
   3.61111100e+01 -8.22222200e+00  2.14444450e+01 -1.32222220e+01
   4.76666680e+01  2.44729680e-01 -1.94269800e+00  3.00000000e+00]
 [ 1.40000000e+02  7.30000000e+01  9.00000000e+00  0.00000000e+00
   0.00000000e+00  1.72222140e+00  8.27759800e-01  7.77777400e-01
   1.00369570e+00  4.62962950e+01  4.56666680e+01  5.11111100e+01
   4.21111100e+01 -1.88888880e+00  1.44444450e+01 -1.25555550e+01
   5.11111100e+01  1.76155600e-01 -1.68158890e+00  3.00000000e+00]
 [ 7.90000000e+01  2.80000000e+01  9.00000000e+00  0.00000000e+00
   0.00000000e+00  4.27777700e+00  3.76189610e+00  8.33333300e-01
   6.58280600e-01  6.24074060e+01  5.34444430e+01  7.91111150e+01
   5.46666680e+01 -2.68888900e+01  5.01111100e+01 -2.32222210e+01
   7.91111150e+01  3.24555780e-01 -2.14450740e+00  3.00000000e+00]
 [ 2.17000000e+02  1.48000000e+02  9.00000000e+00  0.00000000e+00
   0.00000000e+00  2.05555560e+00  2.55185400e+00  1.05555530e+00
   5.07407800e-01  2.90740740e+01  2.14444450e+01  4.15555570e+01
   2.42222210e+01 -2.28888900e+01  3.74444430e+01 -1.45555550e+01
   4.15555570e+01  4.83770800e-01 -2.23797150e+00  3.00000000e+00]
 [ 1.90000000e+02  1.05000000e+02  9.00000000e+00  0.00000000e+00
   0.00000000e+00  1.88888930e+00  2.29629830e+00  2.16666600e+00
   1.67777970e+00  4.57407400e+01  4.12222200e+01  5.63333320e+01
   3.96666680e+01 -1.35555550e+01  3.17777790e+01 -1.82222210e+01
   5.63333320e+01  2.95991840e-01 -1.99608180e+00  3.00000000e+00]
 [ 2.30000000e+02  1.17000000e+02  9.00000000e+00  0.00000000e+00
   0.00000000e+00  3.27777860e+00  9.28957940e-01  1.44444330e+00
   8.60663240e-01  3.90370370e+01  3.35555570e+01  4.97777800e+01
   3.37777800e+01 -1.64444450e+01  3.22222200e+01 -1.57777780e+01
   4.97777800e+01  3.35025880e-01 -2.10623480e+00  3.00000000e+00]
 [ 5.80000000e+01  1.13000000e+02  9.00000000e+00  0.00000000e+00
   0.00000000e+00  3.44444470e+00  1.22323180e+00  7.22222300e-01
   3.89681820e-01  2.08518520e+01  1.68888900e+01  2.84444450e+01
   1.72222230e+01 -1.18888890e+01  2.27777790e+01 -1.08888890e+01
   2.84444450e+01  4.14807200e-01 -2.12569260e+00  4.00000000e+00]
 [ 2.52000000e+02  1.37000000e+02  9.00000000e+00  0.00000000e+00
   0.00000000e+00  8.88888840e-01  5.44331000e-01  6.11111100e-01
   7.12325330e-01  7.40740700e-01  3.33333340e-01  1.77777780e+00
   1.11111110e-01 -1.22222220e+00  3.11111120e+00 -1.88888880e+00
   1.77777780e+00  7.50000000e-01 -2.00760630e+00  4.00000000e+00]
 [ 1.42000000e+02  1.11000000e+02  9.00000000e+00  0.00000000e+00
   0.00000000e+00  1.11111130e+00  4.55419870e-01  5.55555340e-01
   3.44264920e-01  2.87407400e+01  2.45555550e+01  3.58888900e+01
   2.57777790e+01 -1.25555550e+01  2.14444450e+01 -8.88888900e+00
   3.58888900e+01  3.15483720e-01 -2.20266720e+00  4.00000000e+00]
 [ 1.89000000e+02  1.41000000e+02  9.00000000e+00  0.00000000e+00
   0.00000000e+00  0.00000000e+00  0.00000000e+00  0.00000000e+00
   0.00000000e+00  0.00000000e+00  0.00000000e+00  0.00000000e+00
   0.00000000e+00  0.00000000e+00  0.00000000e+00  0.00000000e+00
   0.00000000e+00  0.00000000e+00  0.00000000e+00  4.00000000e+00]
 [ 2.43000000e+02  9.40000000e+01  9.00000000e+00  0.00000000e+00
   0.00000000e+00  6.66666600e-01  3.11111120e-01  2.22222210e-01
   2.96296310e-02  1.18518520e+00  2.22222220e-01  3.22222230e+00
   1.11111110e-01 -2.88888880e+00  6.11111100e+00 -3.22222230e+00
   3.22222230e+00  9.77777800e-01 -2.07124160e+00  4.00000000e+00]
 [ 1.52000000e+02  1.55000000e+02  9.00000000e+00  0.00000000e+00
   0.00000000e+00  5.00000000e-01  6.11111040e-01  1.07777780e+01
   1.31807390e+02  7.29629600e+00  5.33333350e+00  1.10000000e+01
   5.55555530e+00 -5.88888900e+00  1.11111110e+01 -5.22222230e+00
   1.10000000e+01  5.00000000e-01 -2.11556700e+00  4.00000000e+00]
 [ 1.37000000e+02  1.82000000e+02  9.00000000e+00  0.00000000e+00
   0.00000000e+00  1.83333340e+00  3.85555530e+00  3.61111070e+00
   9.21852200e+00  3.49259260e+01  3.14444450e+01  4.28888900e+01
   3.04444450e+01 -1.04444450e+01  2.38888900e+01 -1.34444450e+01
   4.28888900e+01  2.85756170e-01 -2.00112460e+00  5.00000000e+00]
 [ 1.78000000e+02  1.85000000e+02  9.00000000e+00  0.00000000e+00
   0.00000000e+00  2.61111190e+00  1.80636760e+00  3.11111140e+00
   2.27710080e+00  4.90370370e+01  4.40000000e+01  6.06666680e+01
   4.24444430e+01 -1.51111110e+01  3.48888900e+01 -1.97777790e+01
   6.06666680e+01  3.00036160e-01 -2.00618600e+00  5.00000000e+00]
 [ 2.50000000e+02  1.76000000e+02  9.00000000e+00  0.00000000e+00
   1.11111110e-01  1.61111200e+00  1.06283990e+00  3.44444400e+00
   1.69530920e+00  5.36666680e+01  4.71111100e+01  6.76666700e+01
   4.62222200e+01 -1.96666660e+01  4.20000000e+01 -2.23333340e+01
   6.76666700e+01  3.18137200e-01 -2.05225830e+00  5.00000000e+00]
 [ 4.00000000e+00  1.89000000e+02  9.00000000e+00  0.00000000e+00
   0.00000000e+00  2.05555650e+00  3.88518520e+00  1.17222210e+01
   1.14596340e+02  2.64444450e+01  2.34444450e+01  3.30000000e+01
   2.28888900e+01 -9.00000000e+00  1.96666660e+01 -1.06666670e+01
   3.30000000e+01  2.71472570e-01 -2.10100170e+00  5.00000000e+00]
 [ 8.60000000e+01  1.97000000e+02  9.00000000e+00  1.11111110e-01
   1.11111110e-01  1.61111200e+00  1.45169070e+00  1.27777860e+00
   1.10386470e+00  6.32222200e+01  5.62222200e+01  7.77777800e+01
   5.56666680e+01 -2.10000000e+01  4.36666680e+01 -2.26666660e+01
   7.77777800e+01  2.85332620e-01 -2.06802000e+00  5.00000000e+00]
 [ 2.02000000e+02  1.93000000e+02  9.00000000e+00  0.00000000e+00
   0.00000000e+00  1.11111200e+00  7.50307500e-01  3.38888810e+00
   2.48923600e+00  4.17037050e+01  3.78888900e+01  5.06666680e+01
   3.65555570e+01 -1.14444450e+01  2.68888900e+01 -1.54444450e+01
   5.06666680e+01  2.78386650e-01 -1.99299750e+00  5.00000000e+00]
 [ 2.32000000e+02  1.75000000e+02  9.00000000e+00  0.00000000e+00
   0.00000000e+00  1.16666690e+00  6.23609540e-01  2.83333330e+00
   2.16794920e+00  1.53703700e+01  1.24444450e+01  1.35555550e+01
   2.01111100e+01 -8.77777800e+00 -5.44444470e+00  1.42222220e+01
   2.01111100e+01  3.87412340e-01  2.24219580e+00  6.00000000e+00]
 [ 5.20000000e+01  1.70000000e+02  9.00000000e+00  0.00000000e+00
   0.00000000e+00  5.55555640e-01  4.55420100e-01  9.44444360e-01
   3.89682620e-01  2.54444450e+01  2.01111100e+01  2.53333340e+01
   3.08888900e+01 -1.60000000e+01 -3.33333340e-01  1.63333340e+01
   3.08888900e+01  3.49111680e-01  2.60401320e+00  6.00000000e+00]
 [ 7.20000000e+01  1.91000000e+02  9.00000000e+00  1.11111110e-01
   0.00000000e+00  1.27777770e+00  5.07407500e-01  3.11111140e+00
   4.60740660e+00  1.51851850e+01  1.21111110e+01  1.48888890e+01
   1.85555550e+01 -9.22222200e+00 -8.88888900e-01  1.01111110e+01
   1.85555550e+01  3.50369800e-01  2.54532900e+00  6.00000000e+00]
 [ 6.20000000e+01  2.23000000e+02  9.00000000e+00  0.00000000e+00
   0.00000000e+00  2.50000000e+00  5.72222300e+00  1.66666660e+00
   2.44444420e+00  6.66666650e+00  4.88888900e+00  4.66666700e+00
   1.04444450e+01 -5.33333350e+00 -6.00000000e+00  1.13333330e+01
   1.04444450e+01  5.93149800e-01  2.04658770e+00  6.00000000e+00]
 [ 8.90000000e+01  2.21000000e+02  9.00000000e+00  0.00000000e+00
   0.00000000e+00  1.38888880e+00  1.48518480e+00  1.44444450e+00
   1.58518620e+00  1.40740740e+01  1.06666670e+01  1.24444450e+01
   1.91111100e+01 -1.02222220e+01 -4.88888900e+00  1.51111110e+01
   1.91111100e+01  4.46011540e-01  2.31721190e+00  6.00000000e+00]
 [ 2.08000000e+02  2.40000000e+02  9.00000000e+00  1.11111110e-01
   0.00000000e+00  1.05555570e+00  8.62963260e-01  2.44444440e+00
   5.00740700e+00  1.41481490e+01  1.08888890e+01  1.30000000e+01
   1.85555550e+01 -9.77777800e+00 -3.44444440e+00  1.32222220e+01
   1.85555550e+01  4.21620970e-01  2.39248730e+00  6.00000000e+00]]

result of iteration 4
52.38095238095239


final average result:
49.04761904761905

Average Accuracy (%):
49.04761904761905 %
