train_data, group  0 length:  168
[[0.55378486 0.47698745 0.         ... 0.5456349  0.26114959 0.        ]
 [0.57370518 0.38075314 0.         ... 0.41776258 0.15669543 0.        ]
 [0.90836653 0.47280335 0.         ... 0.5458554  0.27674586 0.        ]
 ...
 [0.96015936 0.71966527 0.         ... 0.42024404 0.85376679 1.        ]
 [0.02788845 0.78661088 0.         ... 0.40888458 0.82215545 1.        ]
 [0.80876494 0.60669456 0.         ... 0.38903406 1.         1.        ]]
condensed KNN train data length 41
test_data, group  0 length: 42
[[4.78087649e-01 4.26778243e-01 0.00000000e+00 0.00000000e+00
  0.00000000e+00 6.75381176e-02 2.66952864e-03 6.58384953e-02
  1.10336672e-03 1.41234195e-01 1.46103895e-01 1.68630341e-01
  1.07560400e-01 8.78600819e-01 2.85175869e-01 3.00847440e-01
  1.68630341e-01 3.96588950e-01 1.75196825e-01 0.00000000e+00]
 [3.14741036e-01 3.51464435e-01 0.00000000e+00 0.00000000e+00
  0.00000000e+00 4.79302863e-02 1.75814002e-03 2.11180012e-02
  3.98066635e-04 1.49238325e-01 1.55844159e-01 1.76730480e-01
  1.13795793e-01 8.88888886e-01 2.87688440e-01 2.86016946e-01
  1.76730480e-01 3.90435930e-01 1.78584928e-01 0.00000000e+00]
 [8.76494024e-02 3.09623431e-01 0.00000000e+00 0.00000000e+00
  0.00000000e+00 5.66448824e-02 1.83570525e-03 3.97515553e-02
  6.94613422e-04 1.25225927e-01 1.37987020e-01 1.45066280e-01
  9.19719371e-02 9.44444442e-01 2.42462311e-01 3.05084743e-01
  1.45066280e-01 3.99751480e-01 2.12029013e-01 0.00000000e+00]
 [3.98406375e-03 1.38075314e-01 0.00000000e+00 0.00000000e+00
  0.00000000e+00 8.49673412e-02 4.16911450e-03 5.34161617e-02
  1.10336600e-03 1.30648075e-01 1.26623380e-01 1.67157575e-01
  9.58690562e-02 8.14814807e-01 3.29145729e-01 2.92372872e-01
  1.67157575e-01 4.57681420e-01 1.44040392e-01 0.00000000e+00]
 [9.96015936e-02 2.34309623e-01 0.00000000e+00 1.00000000e+00
  0.00000000e+00 3.92156863e-02 1.55130172e-03 5.46583874e-02
  2.29756735e-03 1.39426805e-01 1.42857138e-01 1.71575853e-01
  1.02104436e-01 8.68312752e-01 3.09045213e-01 2.71186415e-01
  1.71575853e-01 4.36939200e-01 1.68229825e-01 0.00000000e+00]
 [8.76494024e-02 1.84100418e-01 0.00000000e+00 0.00000000e+00
  0.00000000e+00 8.71459451e-02 6.41203453e-03 3.97515396e-02
  5.66377164e-04 1.63439203e-01 1.58279215e-01 2.06185558e-01
  1.23148862e-01 7.94238673e-01 3.69346727e-01 2.45762711e-01
  2.06185558e-01 4.35070220e-01 1.40808723e-01 0.00000000e+00]
 [2.35059761e-01 1.71548117e-01 0.00000000e+00 0.00000000e+00
  0.00000000e+00 2.83224549e-02 1.04067163e-03 1.73912948e-02
  5.34320131e-04 7.78208134e-01 7.37824669e-01 8.56406525e-01
  7.34216638e-01 3.02469087e-01 7.06030159e-01 1.84322000e-01
  8.56406525e-01 2.18379350e-01 5.58324962e-02 1.66666667e-01]
 [3.62549801e-01 1.88284519e-01 0.00000000e+00 0.00000000e+00
  0.00000000e+00 1.74291275e-02 5.17095849e-05 1.86335385e-02
  4.08754068e-04 8.78388873e-01 8.46590874e-01 9.32253329e-01
  8.51909529e-01 3.31275681e-01 6.06783906e-01 3.22033878e-01
  9.32253329e-01 1.76060530e-01 3.78376773e-02 1.66666667e-01]
 [5.65737052e-01 5.43933054e-02 0.00000000e+00 0.00000000e+00
  0.00000000e+00 5.01089137e-02 1.58361484e-03 1.98757566e-02
  8.22855711e-04 8.89749578e-01 8.59577896e-01 9.38880722e-01
  8.66718632e-01 3.39506126e-01 5.85427110e-01 3.49576261e-01
  9.38880722e-01 1.69396920e-01 3.36735194e-02 1.66666667e-01]
 [6.53386454e-01 3.68200837e-01 0.00000000e+00 0.00000000e+00
  0.00000000e+00 3.48584533e-02 8.27359334e-04 1.73913217e-02
  3.41963172e-04 6.51174838e-01 5.77110385e-01 7.82032395e-01
  5.83787963e-01 9.25925965e-02 9.43467338e-01 0.00000000e+00
  7.82032395e-01 3.30417570e-01 5.98963925e-02 1.66666667e-01]
 [7.96812749e-02 3.30543933e-01 0.00000000e+00 0.00000000e+00
  0.00000000e+00 2.61438408e-02 7.75644437e-05 1.73913217e-02
  4.06081636e-04 7.91118011e-01 7.73538926e-01 8.51988241e-01
  7.43569735e-01 4.71193372e-01 6.20602976e-01 1.54660994e-01
  8.51988241e-01 1.79697230e-01 8.02715086e-02 1.66666667e-01]
 [2.78884462e-02 1.17154812e-01 0.00000000e+00 1.00000000e+00
  0.00000000e+00 5.44662980e-02 1.97144171e-03 4.09937878e-02
  5.04929854e-04 7.90343425e-01 7.49188338e-01 8.74815899e-01
  7.40452074e-01 2.92181068e-01 7.41206025e-01 1.35593198e-01
  8.74815899e-01 2.22953590e-01 6.16752864e-02 1.66666667e-01]
 [2.31075697e-01 3.68200837e-01 0.00000000e+00 0.00000000e+00
  0.00000000e+00 3.05010922e-02 1.44787943e-03 2.23602457e-02
  2.56472705e-04 1.42008788e-02 8.11688297e-04 3.68188493e-02
  3.11769285e-03 7.86008224e-01 2.28643207e-01 4.91525409e-01
  3.68188493e-02 9.86111100e-01 7.06478344e-02 3.33333333e-01]
 [9.12350598e-01 4.72803347e-01 0.00000000e+00 0.00000000e+00
  0.00000000e+00 1.08932471e-02 1.87448700e-04 6.21118024e-03
  1.09535188e-04 4.64756041e-03 0.00000000e+00 1.32547864e-02
  0.00000000e+00 8.55967073e-01 1.54522612e-01 5.44491509e-01
  1.32547864e-02 1.00000000e+00 8.09052513e-02 3.33333333e-01]
 [6.77290837e-02 3.30543933e-01 0.00000000e+00 0.00000000e+00
  0.00000000e+00 4.13943333e-02 6.52838587e-04 1.49068321e-02
  1.60295455e-04 1.96230317e-02 4.05844185e-03 4.56553760e-02
  7.01480882e-03 7.67489705e-01 2.47487431e-01 4.78813539e-01
  4.56553760e-02 9.26146400e-01 6.79458474e-02 3.33333333e-01]
 [1.39442231e-01 5.60669456e-01 0.00000000e+00 0.00000000e+00
  0.00000000e+00 1.08932471e-02 3.42578575e-04 2.85714273e-02
  1.48807570e-03 5.93854945e-03 2.43506496e-03 9.57290096e-03
  5.45596257e-03 8.64197526e-01 1.29396985e-01 5.78389814e-01
  9.57290096e-03 2.51851860e-01 0.00000000e+00 3.33333333e-01]
 [2.11155378e-01 3.34728033e-01 0.00000000e+00 0.00000000e+00
  0.00000000e+00 5.66448745e-02 2.68891916e-03 1.86335385e-02
  1.84339852e-04 2.27214049e-02 4.05844185e-03 5.30191454e-02
  8.57365507e-03 7.42798346e-01 2.70100496e-01 4.66101682e-01
  5.30191454e-02 9.44810750e-01 6.37944585e-02 3.33333333e-01]
 [1.99203187e-02 2.92887029e-01 0.00000000e+00 0.00000000e+00
  5.00000000e-01 1.61220039e-01 1.52544501e-02 1.27950320e-01
  2.05632327e-02 8.70126580e-02 5.60064918e-02 1.25184101e-01
  7.63834746e-02 6.25514378e-01 3.26633146e-01 4.91525409e-01
  1.25184101e-01 6.28155800e-01 2.63885180e-02 3.33333333e-01]
 [6.45418327e-01 2.38493724e-01 0.00000000e+00 0.00000000e+00
  0.00000000e+00 7.18954510e-02 3.85885496e-03 3.47826142e-02
  6.94613422e-04 3.95817224e-01 3.79870127e-01 4.52135475e-01
  3.51519857e-01 6.27572008e-01 4.97487412e-01 2.01271174e-01
  4.52135475e-01 2.65052770e-01 1.01307369e-01 5.00000000e-01]
 [5.57768924e-01 2.51046025e-02 0.00000000e+00 1.00000000e+00
  1.00000000e+00 1.45969514e-01 7.76497496e-03 1.11801235e-01
  1.67276575e-03 3.10870146e-01 2.94642874e-01 3.57879232e-01
  2.76695227e-01 6.56378584e-01 4.28391937e-01 2.88135569e-01
  3.57879232e-01 2.68185940e-01 9.28304959e-02 5.00000000e-01]
 [5.17928287e-02 5.64853556e-01 0.00000000e+00 1.00000000e+00
  0.00000000e+00 3.48583922e-02 8.27359125e-04 2.48447209e-02
  5.34318039e-04 7.38445631e-02 5.84415580e-02 1.03829162e-01
  5.68979000e-02 7.48971186e-01 2.81407028e-01 4.40677946e-01
  1.03829162e-01 4.87864260e-01 7.82151252e-02 5.00000000e-01]
 [2.58964143e-01 6.23430962e-01 0.00000000e+00 0.00000000e+00
  0.00000000e+00 1.17647086e-01 7.05841607e-03 6.21118024e-02
  3.09904386e-04 1.59308036e-01 1.33116873e-01 2.09131070e-01
  1.31722530e-01 6.35802453e-01 4.04522593e-01 3.49576261e-01
  2.09131070e-01 4.26013900e-01 7.26896140e-02 5.00000000e-01]
 [9.64143426e-01 4.56066946e-01 0.00000000e+00 0.00000000e+00
  0.00000000e+00 1.74291949e-01 7.60868480e-03 3.47825874e-02
  1.32280176e-03 3.33591542e-01 3.27110403e-01 3.73343140e-01
  2.97739653e-01 7.22222216e-01 3.96984923e-01 2.73305095e-01
  3.73343140e-01 2.45321300e-01 1.14942381e-01 5.00000000e-01]
 [7.56972112e-01 3.76569038e-01 0.00000000e+00 0.00000000e+00
  0.00000000e+00 4.35730196e-02 1.36015427e-03 2.48447232e-02
  8.55743354e-04 3.13968509e-01 2.84902595e-01 3.78497781e-01
  2.73577544e-01 5.57613172e-01 5.18844185e-01 2.37288144e-01
  3.78497781e-01 3.22732990e-01 8.09223940e-02 5.00000000e-01]
 [7.29083665e-01 5.60669456e-01 0.00000000e+00 0.00000000e+00
  0.00000000e+00 2.83224420e-02 1.06739920e-03 4.96894374e-03
  1.96320975e-04 3.87296712e-03 2.43506496e-03 8.10014707e-03
  7.79423195e-04 8.80658432e-01 1.31909548e-01 5.57203372e-01
  8.10014707e-03 5.27777800e-01 1.13050438e-01 6.66666667e-01]
 [7.37051793e-01 4.18410042e-03 0.00000000e+00 0.00000000e+00
  0.00000000e+00 1.74291894e-02 4.74986370e-04 5.21739091e-02
  1.41841050e-03 4.36354243e-02 2.84090900e-02 7.51104538e-02
  2.49415428e-02 7.61316866e-01 2.81407028e-01 4.27966089e-01
  7.51104538e-02 6.87301600e-01 8.76543254e-02 6.66666667e-01]
 [3.54581673e-01 5.14644351e-01 0.00000000e+00 0.00000000e+00
  0.00000000e+00 1.52505439e-02 3.23187510e-05 2.11180092e-02
  1.09535527e-04 1.47172745e-02 7.30519475e-03 3.09278370e-02
  4.67653945e-03 8.31275715e-01 1.95979896e-01 4.99999981e-01
  3.09278370e-02 8.81481470e-01 9.59633486e-02 6.66666667e-01]
 [7.49003984e-01 5.56485356e-01 0.00000000e+00 0.00000000e+00
  0.00000000e+00 0.00000000e+00 0.00000000e+00 0.00000000e+00
  0.00000000e+00 0.00000000e+00 0.00000000e+00 0.00000000e+00
  0.00000000e+00 8.93004112e-01 1.09296483e-01 5.82627102e-01
  0.00000000e+00 0.00000000e+00 4.69052291e-01 6.66666667e-01]
 [9.08366534e-01 3.89121339e-01 0.00000000e+00 0.00000000e+00
  0.00000000e+00 1.96078373e-02 9.55891416e-04 6.33540326e-02
  1.47240792e-03 1.37877627e-01 1.19318186e-01 1.73048592e-01
  1.18472335e-01 7.01646085e-01 3.24120597e-01 4.17372860e-01
  1.73048592e-01 3.75532330e-01 7.04820412e-02 6.66666667e-01]
 [6.21513944e-01 3.09623431e-01 0.00000000e+00 0.00000000e+00
  0.00000000e+00 4.79302863e-02 2.16627138e-03 4.96894620e-03
  1.24164333e-04 1.31939070e-01 1.06331164e-01 1.78203246e-01
  1.07560400e-01 6.50205750e-01 3.79396990e-01 3.77118625e-01
  1.78203246e-01 4.59024460e-01 6.85778294e-02 6.66666667e-01]
 [1.19521912e-02 7.94979079e-01 0.00000000e+00 0.00000000e+00
  1.00000000e+00 1.06753804e-01 2.92994127e-03 1.16770161e-01
  2.25384721e-03 3.74386801e-01 3.44155833e-01 4.45508082e-01
  3.28137184e-01 5.26748930e-01 5.67839200e-01 1.86440642e-01
  4.45508082e-01 3.08859380e-01 8.44577203e-02 8.33333333e-01]
 [9.08366534e-01 7.69874477e-01 0.00000000e+00 0.00000000e+00
  0.00000000e+00 1.63398667e-01 3.97544417e-03 9.19254576e-02
  1.62128461e-03 3.32558759e-01 3.10064922e-01 3.90279828e-01
  2.93063140e-01 6.00823026e-01 4.88693473e-01 2.43644031e-01
  3.90279828e-01 2.90278140e-01 8.86316264e-02 8.33333333e-01]
 [4.90039841e-01 7.53138075e-01 0.00000000e+00 0.00000000e+00
  0.00000000e+00 1.37254929e-01 4.77946039e-03 7.32919259e-02
  2.01981809e-03 4.16473026e-01 3.86363641e-01 4.95581749e-01
  3.61652376e-01 5.12345670e-01 6.19346707e-01 1.14406778e-01
  4.95581749e-01 3.13610940e-01 9.18238021e-02 8.33333333e-01]
 [5.29880478e-01 7.36401674e-01 0.00000000e+00 0.00000000e+00
  0.00000000e+00 7.40740667e-02 2.64461295e-03 4.72049725e-02
  1.28736255e-03 4.13891051e-01 3.84740266e-01 4.91163498e-01
  3.60093510e-01 5.20576133e-01 6.09296443e-01 1.22881365e-01
  4.91163498e-01 3.07457770e-01 9.21944552e-02 8.33333333e-01]
 [3.42629482e-01 7.74058577e-01 0.00000000e+00 1.00000000e+00
  0.00000000e+00 5.22875333e-02 1.51698649e-03 4.96894329e-02
  1.20381717e-03 4.29382930e-01 4.01785711e-01 5.01472772e-01
  3.79579092e-01 5.26748930e-01 5.86683379e-01 1.54660994e-01
  5.01472772e-01 2.87526220e-01 8.93670577e-02 8.33333333e-01]
 [8.48605578e-01 6.27615063e-01 0.00000000e+00 0.00000000e+00
  0.00000000e+00 1.45969502e-01 1.27336502e-03 2.57142841e-01
  1.36491636e-02 2.81951974e-01 2.58116901e-01 3.29160537e-01
  2.54871406e-01 6.09053489e-01 4.22110537e-01 3.47457619e-01
  3.29160537e-01 2.98056130e-01 6.15305093e-02 8.33333333e-01]
 [9.20318725e-01 6.86192469e-01 0.00000000e+00 0.00000000e+00
  0.00000000e+00 4.57516431e-02 1.08833064e-03 6.33540326e-02
  1.56380548e-03 1.07152079e-01 9.09090942e-02 8.98379927e-02
  1.41075592e-01 7.30452661e-01 4.77386930e-02 8.53813535e-01
  1.33284233e-01 3.87412340e-01 8.84590707e-01 1.00000000e+00]
 [2.03187251e-01 6.65271967e-01 0.00000000e+00 0.00000000e+00
  0.00000000e+00 2.17864957e-02 7.94804470e-04 2.11180092e-02
  2.81089528e-04 1.77381884e-01 1.46915575e-01 1.67893965e-01
  2.16679658e-01 5.96707803e-01 1.05527639e-01 8.94067789e-01
  2.04712819e-01 3.49111680e-01 9.51645078e-01 1.00000000e+00]
 [2.82868526e-01 7.53138075e-01 0.00000000e+00 1.00000000e+00
  0.00000000e+00 5.01089294e-02 8.85533487e-04 6.95652195e-02
  3.32345780e-03 1.05861092e-01 8.84740244e-02 9.86745214e-02
  1.30163671e-01 7.22222216e-01 9.92462319e-02 7.75423708e-01
  1.22974959e-01 3.50369800e-01 9.40769338e-01 1.00000000e+00]
 [2.43027888e-01 8.87029289e-01 0.00000000e+00 0.00000000e+00
  0.00000000e+00 9.80392157e-02 9.98649032e-03 3.72670769e-02
  1.76324945e-03 4.64756006e-02 3.57142862e-02 3.09278370e-02
  7.32657849e-02 7.94238673e-01 4.14572890e-02 7.98728788e-01
  6.92194435e-02 5.93149800e-01 8.48339332e-01 1.00000000e+00]
 [3.50597610e-01 8.78661088e-01 0.00000000e+00 0.00000000e+00
  0.00000000e+00 5.44662275e-02 2.59196183e-03 3.22981359e-02
  1.14344140e-03 9.81151587e-02 7.79220797e-02 8.24742299e-02
  1.34060783e-01 7.03703697e-01 5.40201015e-02 8.70762690e-01
  1.26656840e-01 4.46011540e-01 8.98493182e-01 1.00000000e+00]
 [8.24701195e-01 9.58158996e-01 0.00000000e+00 1.00000000e+00
  0.00000000e+00 4.13943412e-02 1.50605355e-03 5.46583807e-02
  3.61198985e-03 9.86315608e-02 7.95454547e-02 8.61561113e-02
  1.30163671e-01 7.11934141e-01 7.03517610e-02 8.34745739e-01
  1.22974959e-01 4.21620970e-01 9.12443712e-01 1.00000000e+00]]

result of iteration 0
61.904761904761905

train_data, group  1 length:  168
[[0.47808765 0.42677824 0.         ... 0.39658895 0.17519682 0.        ]
 [0.31474104 0.35146444 0.         ... 0.39043593 0.17858493 0.        ]
 [0.0876494  0.30962343 0.         ... 0.39975148 0.21202901 0.        ]
 ...
 [0.96015936 0.71966527 0.         ... 0.42024404 0.85376679 1.        ]
 [0.02788845 0.78661088 0.         ... 0.40888458 0.82215545 1.        ]
 [0.80876494 0.60669456 0.         ... 0.38903406 1.         1.        ]]
condensed KNN train data length 46
test_data, group  1 length: 42
[[5.53784861e-01 4.76987448e-01 0.00000000e+00 0.00000000e+00
  0.00000000e+00 1.08932510e-02 1.09883779e-04 1.49068332e-02
  2.24413639e-04 4.31190292e-02 5.35714294e-02 5.08100132e-02
  2.49415428e-02 9.56790122e-01 1.59547741e-01 4.32203373e-01
  5.15463909e-02 5.45634900e-01 2.61149593e-01 0.00000000e+00]
 [5.73705179e-01 3.80753138e-01 0.00000000e+00 0.00000000e+00
  0.00000000e+00 3.48583788e-02 1.06005605e-03 5.83850871e-02
  1.07130810e-03 1.60857221e-01 1.61525965e-01 1.97349049e-01
  1.21590024e-01 8.39506169e-01 3.36683399e-01 2.54237298e-01
  1.97349049e-01 4.17762580e-01 1.56695434e-01 0.00000000e+00]
 [9.08366534e-01 4.72803347e-01 0.00000000e+00 0.00000000e+00
  0.00000000e+00 3.48583922e-02 1.29274783e-04 1.98757754e-02
  2.45786282e-04 4.10534490e-02 5.19480507e-02 4.71281285e-02
  2.41621190e-02 9.60905350e-01 1.50753769e-01 4.42796592e-01
  5.00736356e-02 5.45855400e-01 2.76745860e-01 0.00000000e+00]
 [4.78087649e-01 2.05020921e-01 0.00000000e+00 0.00000000e+00
  0.00000000e+00 8.93246275e-02 4.06569570e-03 6.45962718e-02
  2.07315420e-03 1.86418797e-01 1.80194799e-01 2.33431500e-01
  1.42634451e-01 7.77777768e-01 3.96984923e-01 2.16101705e-01
  2.33431500e-01 4.22300200e-01 1.39891394e-01 0.00000000e+00]
 [1.51394422e-01 4.18410042e-01 0.00000000e+00 0.00000000e+00
  0.00000000e+00 2.83224420e-02 6.52838587e-04 1.98757754e-02
  3.09904386e-04 4.20862391e-02 5.11363632e-02 5.08100132e-02
  2.41621190e-02 9.46502055e-01 1.64572865e-01 4.34322020e-01
  5.22827691e-02 5.62918840e-01 2.51150428e-01 0.00000000e+00]
 [3.34661355e-01 3.76569038e-01 0.00000000e+00 0.00000000e+00
  0.00000000e+00 5.22875843e-02 2.24938254e-03 2.85714251e-02
  8.78952921e-04 1.48463733e-01 1.55032457e-01 1.77466870e-01
  1.11457519e-01 8.88888886e-01 2.95226132e-01 2.73305095e-01
  1.77466870e-01 4.04792200e-01 1.80202476e-01 0.00000000e+00]
 [8.96414343e-01 3.01255230e-01 0.00000000e+00 0.00000000e+00
  0.00000000e+00 3.48584039e-02 9.04924708e-04 2.36024057e-02
  3.66007114e-04 6.31809989e-01 5.44642885e-01 7.74668599e-01
  5.64302367e-01 0.00000000e+00 1.00000000e+00 0.00000000e+00
  7.74668599e-01 3.62061770e-01 5.40963571e-02 1.66666667e-01]
 [2.62948207e-01 2.51046025e-01 0.00000000e+00 0.00000000e+00
  0.00000000e+00 6.53594745e-02 1.55130311e-03 3.35403415e-02
  2.16397707e-04 8.78130655e-01 8.44155870e-01 9.33726068e-01
  8.51909529e-01 3.14814810e-01 6.15577901e-01 3.24152539e-01
  9.33726068e-01 1.79672180e-01 3.54330097e-02 1.66666667e-01]
 [7.17131474e-01 6.69456067e-02 0.00000000e+00 0.00000000e+00
  0.00000000e+00 2.83224078e-02 8.07969963e-04 1.11801235e-02
  1.84339210e-04 9.62561393e-01 9.68344180e-01 9.71281318e-01
  9.47778606e-01 5.86419747e-01 3.96984923e-01 4.13135576e-01
  9.71281318e-01 9.62631600e-02 4.93744034e-02 1.66666667e-01]
 [5.61752988e-01 9.20502092e-02 0.00000000e+00 0.00000000e+00
  0.00000000e+00 1.96077929e-02 1.08832909e-03 1.11801515e-02
  2.52178703e-04 7.70978575e-01 7.06980530e-01 8.52724611e-01
  7.45908024e-01 1.25514394e-01 7.22361767e-01 3.38983032e-01
  8.52724611e-01 2.47776460e-01 2.27825080e-02 1.66666667e-01]
 [6.17529880e-01 8.78661088e-02 0.00000000e+00 0.00000000e+00
  0.00000000e+00 3.05009239e-02 2.84406988e-04 5.83850535e-02
  7.50714837e-04 9.50167884e-01 9.48052030e-01 9.69808579e-01
  9.31410813e-01 5.30864189e-01 4.49748722e-01 3.81355928e-01
  9.69808579e-01 1.13055356e-01 4.63678322e-02 1.66666667e-01]
 [4.74103586e-01 2.63598326e-01 0.00000000e+00 0.00000000e+00
  0.00000000e+00 1.30719451e-02 1.55130503e-04 1.11801515e-02
  5.61035287e-05 7.10043903e-01 6.50974049e-01 8.16642100e-01
  6.53936051e-01 1.85185193e-01 8.34170878e-01 8.89830181e-02
  8.16642100e-01 2.76784400e-01 5.75248242e-02 1.66666667e-01]
 [1.75298805e-01 4.05857741e-01 0.00000000e+00 0.00000000e+00
  5.00000000e-01 1.00000000e+00 2.23306831e-02 6.09937878e-01
  1.14914849e-02 3.47276032e-01 3.05194819e-01 4.05007353e-01
  3.26578332e-01 4.46502056e-01 4.92462314e-01 3.96186422e-01
  4.05007353e-01 3.58975080e-01 3.15905787e-02 3.33333333e-01]
 [0.00000000e+00 2.92887029e-01 0.00000000e+00 0.00000000e+00
  0.00000000e+00 4.77124196e-01 4.66766528e-01 2.06211162e-01
  1.48134339e-01 1.48721930e-01 1.02272726e-01 2.02503677e-01
  1.36399064e-01 4.85596687e-01 4.22110537e-01 4.74576259e-01
  2.02503677e-01 5.95282200e-01 1.71503600e-02 3.33333333e-01]
 [5.01992032e-01 5.52301255e-01 0.00000000e+00 0.00000000e+00
  0.00000000e+00 5.88235294e-02 2.13303504e-04 1.98757741e-02
  4.38140847e-04 2.91763487e-02 6.49350652e-03 6.25920503e-02
  1.55884646e-02 7.09876530e-01 2.87688440e-01 4.70338965e-01
  6.25920503e-02 9.15376000e-01 5.06938357e-02 3.33333333e-01]
 [1.59362550e-01 2.67782427e-01 0.00000000e+00 0.00000000e+00
  5.00000000e-01 6.03485843e-01 3.33968189e-02 5.95031061e-01
  2.28759446e-02 3.83423714e-01 3.46590896e-01 4.33726035e-01
  3.65549474e-01 4.73251020e-01 4.63567837e-01 4.17372860e-01
  4.33726035e-01 2.97801850e-01 3.22831440e-02 3.33333333e-01]
 [2.03187251e-01 3.80753138e-01 0.00000000e+00 0.00000000e+00
  0.00000000e+00 2.83224420e-02 8.85533050e-04 1.86335385e-02
  4.08753419e-04 2.01394268e-02 4.87013007e-03 4.19734912e-02
  1.16913476e-02 7.69547320e-01 2.26130647e-01 5.12711848e-01
  4.19734912e-02 8.99735450e-01 4.98956157e-02 3.33333333e-01]
 [3.18725100e-02 2.88702929e-01 0.00000000e+00 0.00000000e+00
  0.00000000e+00 1.15468408e-01 2.39998942e-02 3.72670769e-01
  5.15830583e-02 1.64730191e-01 1.26623380e-01 2.09867446e-01
  1.53546379e-01 5.43209838e-01 3.81909528e-01 4.83050830e-01
  2.09867446e-01 5.14253700e-01 1.84282792e-02 3.33333333e-01]
 [6.41434263e-01 6.19246862e-01 0.00000000e+00 0.00000000e+00
  0.00000000e+00 8.49673216e-02 1.67596830e-03 4.96894396e-02
  1.04990416e-03 1.82029432e-01 1.84253236e-01 1.95876284e-01
  1.65237715e-01 8.43621393e-01 2.26130647e-01 4.36440666e-01
  1.95876284e-01 2.02845560e-01 1.34991137e-01 5.00000000e-01]
 [4.42231076e-01 3.30543933e-01 0.00000000e+00 0.00000000e+00
  0.00000000e+00 2.89760392e-01 1.21214648e-02 2.85714161e-02
  6.34635807e-04 4.54428140e-01 4.21266240e-01 5.28718715e-01
  4.07638327e-01 4.75308631e-01 6.04271368e-01 1.77966113e-01
  5.28718715e-01 2.78345440e-01 7.82332501e-02 5.00000000e-01]
 [8.36653386e-02 3.17991632e-01 0.00000000e+00 0.00000000e+00
  0.00000000e+00 7.40741137e-02 2.19729531e-03 2.60869534e-02
  4.49828749e-04 4.46423995e-01 4.07467545e-01 5.32400603e-01
  3.92829294e-01 4.34156333e-01 6.62060299e-01 1.22881365e-01
  5.32400603e-01 3.09699770e-01 7.89263714e-02 5.00000000e-01]
 [8.68525896e-01 2.88702929e-01 0.00000000e+00 0.00000000e+00
  0.00000000e+00 5.01088902e-02 5.75273248e-04 1.49068321e-02
  6.73239661e-04 2.76788037e-01 2.65422095e-01 3.19587612e-01
  2.42400626e-01 7.05761308e-01 3.98241192e-01 2.88135569e-01
  3.19587612e-01 2.82963960e-01 1.05321802e-01 5.00000000e-01]
 [7.84860558e-01 4.85355649e-01 0.00000000e+00 0.00000000e+00
  0.00000000e+00 9.58605647e-02 7.65307950e-03 1.91304324e-01
  4.29484930e-02 2.84017561e-01 2.77597400e-01 3.19587612e-01
  2.52533118e-01 7.40740735e-01 3.63065326e-01 3.11440668e-01
  3.19587612e-01 2.48999390e-01 1.15384774e-01 5.00000000e-01]
 [6.97211155e-01 3.72384937e-01 0.00000000e+00 0.00000000e+00
  0.00000000e+00 7.62527098e-02 1.35092437e-03 3.22981404e-02
  4.70199575e-04 3.86005690e-01 3.67694792e-01 4.43298973e-01
  3.42946217e-01 6.13168711e-01 5.00000006e-01 2.11864383e-01
  4.43298973e-01 2.68620520e-01 9.72520168e-02 5.00000000e-01]
 [6.33466135e-01 1.25523013e-01 0.00000000e+00 0.00000000e+00
  0.00000000e+00 3.26797373e-02 1.41303471e-03 4.96894441e-03
  1.24164289e-04 4.90575794e-03 4.05844185e-03 8.10014707e-03
  2.33826965e-03 8.84773659e-01 1.26884423e-01 5.61440660e-01
  8.10014707e-03 5.37037000e-01 1.27102472e-01 6.66666667e-01]
 [9.48207171e-01 3.43096234e-01 0.00000000e+00 0.00000000e+00
  0.00000000e+00 1.35076235e-01 2.35539019e-02 2.36024818e-02
  6.22480122e-04 1.00438943e-01 7.22402600e-02 1.51693673e-01
  7.32657849e-02 6.41975305e-01 3.96984923e-01 3.55932187e-01
  1.51693673e-01 5.77002350e-01 7.29180105e-02 6.66666667e-01]
 [7.56972112e-02 5.14644351e-01 0.00000000e+00 0.00000000e+00
  0.00000000e+00 2.61437922e-02 1.55130111e-04 1.36645965e-02
  1.73653357e-04 2.06558226e-02 8.11688370e-03 4.27098688e-02
  9.35307890e-03 7.90123454e-01 2.27386938e-01 4.89406762e-01
  4.27098688e-02 8.29232800e-01 7.37331508e-02 6.66666667e-01]
 [8.32669323e-01 5.94142259e-01 0.00000000e+00 0.00000000e+00
  0.00000000e+00 0.00000000e+00 0.00000000e+00 0.00000000e+00
  0.00000000e+00 0.00000000e+00 0.00000000e+00 0.00000000e+00
  0.00000000e+00 8.93004112e-01 1.09296483e-01 5.82627102e-01
  0.00000000e+00 0.00000000e+00 4.69052291e-01 6.66666667e-01]
 [1.67330677e-01 5.89958159e-01 0.00000000e+00 0.00000000e+00
  0.00000000e+00 7.62527255e-02 2.97978870e-03 2.73291904e-02
  5.98436432e-04 1.05861099e-02 7.30519475e-03 1.91458019e-02
  4.67653945e-03 8.64197526e-01 1.55778892e-01 5.33898288e-01
  1.91458019e-02 6.48677230e-01 1.10771793e-01 6.66666667e-01]
 [8.24701195e-01 9.62343096e-02 0.00000000e+00 0.00000000e+00
  0.00000000e+00 6.75381333e-02 3.02092840e-03 9.93788882e-03
  3.61997958e-04 1.00697141e-01 7.87337672e-02 1.39175257e-01
  8.10600092e-02 6.89300400e-01 3.31658278e-01 4.17372860e-01
  1.39175257e-01 4.79958000e-01 6.83053809e-02 6.66666667e-01]
 [5.97609562e-01 6.35983264e-01 0.00000000e+00 0.00000000e+00
  0.00000000e+00 8.06100235e-02 3.98813378e-03 4.06211140e-01
  3.02878523e-02 2.78853610e-01 2.52435073e-01 3.18114872e-01
  2.62665609e-01 5.90534951e-01 3.80653259e-01 4.36440666e-01
  3.18851242e-01 2.63846500e-01 2.49453245e-03 8.33333333e-01]
 [7.21115538e-01 7.32217573e-01 0.00000000e+00 1.00000000e+00
  0.00000000e+00 1.43790824e-01 3.56714423e-03 3.97515262e-02
  8.95361722e-04 3.37722696e-01 3.19805208e-01 3.96907221e-01
  2.92283710e-01 6.33744842e-01 4.97487412e-01 1.94915229e-01
  3.96907221e-01 3.04521950e-01 1.03392719e-01 8.33333333e-01]
 [4.66135458e-01 7.07112971e-01 0.00000000e+00 0.00000000e+00
  0.00000000e+00 7.62527333e-02 2.58638850e-03 6.95652195e-02
  7.85284549e-04 3.38497309e-01 3.22240249e-01 3.91016197e-01
  2.98519097e-01 6.46090528e-01 4.63567837e-01 2.39406767e-01
  3.91016197e-01 2.78822180e-01 9.91326551e-02 8.33333333e-01]
 [7.84860558e-01 7.19665272e-01 0.00000000e+00 0.00000000e+00
  0.00000000e+00 4.13943020e-02 2.06222884e-03 7.57763752e-02
  1.15228807e-03 3.76710572e-01 3.57142862e-01 4.41089864e-01
  3.27357754e-01 6.06995859e-01 5.33919603e-01 1.61016958e-01
  4.41089864e-01 2.98621700e-01 1.03039969e-01 8.33333333e-01]
 [8.68525896e-01 6.90376569e-01 0.00000000e+00 0.00000000e+00
  5.00000000e-01 8.27887020e-02 3.24245842e-03 1.14285705e-01
  2.04965249e-03 4.20345989e-01 3.89610377e-01 5.01472772e-01
  3.63990643e-01 5.06172799e-01 6.30653239e-01 1.01694927e-01
  5.01472772e-01 3.14462420e-01 9.27192629e-02 8.33333333e-01]
 [3.02788845e-01 7.28033473e-01 0.00000000e+00 0.00000000e+00
  0.00000000e+00 1.15468431e-01 1.33734847e-02 1.39130408e-01
  2.31680347e-02 2.26955865e-01 2.13474015e-01 2.62886605e-01
  2.01870618e-01 7.07818919e-01 3.50502514e-01 3.66525416e-01
  2.62886605e-01 2.70360380e-01 8.25960966e-02 8.33333333e-01]
 [2.47011952e-01 7.94979079e-01 0.00000000e+00 0.00000000e+00
  0.00000000e+00 5.66448824e-02 1.60300937e-03 2.11180065e-02
  3.98066924e-04 5.42215348e-02 4.54545457e-02 3.68188493e-02
  8.10600092e-02 8.06584358e-01 3.39196027e-02 7.98728788e-01
  7.65832064e-02 5.43201270e-01 8.36552397e-01 1.00000000e+00]
 [1.39442231e-01 9.70711297e-01 0.00000000e+00 1.00000000e+00
  0.00000000e+00 7.40740784e-02 3.23187249e-03 4.47204941e-02
  5.12944833e-04 9.29512012e-02 7.22402600e-02 8.02650944e-02
  1.26266559e-01 7.01646085e-01 6.78391974e-02 8.49576252e-01
  1.19293077e-01 4.52228600e-01 9.07963109e-01 1.00000000e+00]
 [6.45418327e-01 6.48535565e-01 0.00000000e+00 0.00000000e+00
  0.00000000e+00 6.97167686e-02 1.91327048e-03 5.46583941e-02
  7.58731692e-04 1.18254587e-01 9.00973994e-02 1.08247426e-01
  1.55884632e-01 6.35802453e-01 8.79397007e-02 8.83474561e-01
  1.47275396e-01 4.46213700e-01 9.35301556e-01 1.00000000e+00]
 [7.37051793e-01 6.77824268e-01 0.00000000e+00 0.00000000e+00
  0.00000000e+00 5.66448824e-02 1.44788091e-03 4.72049725e-02
  1.43197251e-03 1.19545575e-01 9.90259692e-02 1.03092779e-01
  1.56664068e-01 6.93415622e-01 5.52763850e-02 8.79237258e-01
  1.48011785e-01 3.96433260e-01 9.01370766e-01 1.00000000e+00]
 [2.35059761e-01 7.11297071e-01 0.00000000e+00 1.00000000e+00
  0.00000000e+00 6.53594745e-02 2.09425487e-03 5.96273262e-02
  1.50677595e-03 1.36844830e-01 1.24999991e-01 1.18556708e-01
  1.67575996e-01 7.53086415e-01 5.02512577e-02 8.26271171e-01
  1.58321067e-01 2.85690870e-01 8.74757187e-01 1.00000000e+00]
 [8.84462151e-01 7.28033473e-01 0.00000000e+00 0.00000000e+00
  0.00000000e+00 1.96078431e-02 6.10131442e-04 5.34161393e-02
  1.50092467e-03 9.03692259e-02 8.44155797e-02 6.48011792e-02
  1.23148862e-01 8.14814807e-01 1.25629142e-03 8.45338968e-01
  1.16347565e-01 4.45418030e-01 8.09839965e-01 1.00000000e+00]]

result of iteration 1
50.0

train_data, group  2 length:  168
[[0.47808765 0.42677824 0.         ... 0.39658895 0.17519682 0.        ]
 [0.31474104 0.35146444 0.         ... 0.39043593 0.17858493 0.        ]
 [0.0876494  0.30962343 0.         ... 0.39975148 0.21202901 0.        ]
 ...
 [0.96015936 0.71966527 0.         ... 0.42024404 0.85376679 1.        ]
 [0.02788845 0.78661088 0.         ... 0.40888458 0.82215545 1.        ]
 [0.80876494 0.60669456 0.         ... 0.38903406 1.         1.        ]]
condensed KNN train data length 46
test_data, group  2 length: 42
[[3.74501992e-01 1.92468619e-01 0.00000000e+00 0.00000000e+00
  0.00000000e+00 7.18954000e-02 5.95311000e-03 4.72049568e-02
  1.23961718e-03 1.83320434e-01 1.80194799e-01 2.28276893e-01
  1.38737339e-01 8.02469127e-01 3.85678391e-01 2.09745760e-01
  2.28276893e-01 4.25690950e-01 1.46766193e-01 0.00000000e+00]
 [3.78486056e-01 3.05439331e-01 0.00000000e+00 0.00000000e+00
  0.00000000e+00 5.88235451e-02 2.22999185e-03 3.60248333e-02
  1.64837342e-03 1.66279376e-01 1.72077917e-01 1.98821795e-01
  1.26266559e-01 8.76543206e-01 3.17839197e-01 2.47881353e-01
  1.98821795e-01 3.98791070e-01 1.72739784e-01 0.00000000e+00]
 [5.45816733e-01 4.39330544e-01 0.00000000e+00 0.00000000e+00
  0.00000000e+00 2.39651412e-02 2.65013672e-04 9.93788882e-03
  1.49609047e-04 4.51846136e-02 5.51948029e-02 5.44918980e-02
  2.57209659e-02 9.52674898e-01 1.68341708e-01 4.21610144e-01
  5.52282809e-02 5.59171100e-01 2.48315377e-01 0.00000000e+00]
 [3.14741036e-01 4.39330544e-01 0.00000000e+00 0.00000000e+00
  0.00000000e+00 5.88235294e-02 2.85051145e-03 3.47826098e-02
  6.30495296e-04 1.51303899e-01 1.55032457e-01 1.82621497e-01
  1.14575215e-01 8.66255141e-01 3.07788933e-01 2.75423736e-01
  1.82621497e-01 4.07364220e-01 1.66554399e-01 0.00000000e+00]
 [5.97609562e-02 4.89539749e-01 0.00000000e+00 0.00000000e+00
  0.00000000e+00 1.96078431e-02 1.35738664e-04 1.49068332e-02
  2.24413639e-04 3.87296663e-02 5.03246757e-02 4.41826201e-02
  2.18238503e-02 9.67078189e-01 1.46984924e-01 4.42796592e-01
  4.71281285e-02 5.61507940e-01 2.86355383e-01 0.00000000e+00]
 [6.77290837e-02 5.60669456e-01 0.00000000e+00 0.00000000e+00
  0.00000000e+00 1.52505475e-02 3.23186952e-05 1.36645952e-02
  2.69830643e-04 2.73689660e-02 4.05844134e-02 2.65095727e-02
  1.55884646e-02 9.83539097e-01 1.11809046e-01 4.85169478e-01
  3.68188493e-02 6.00529100e-01 3.63241950e-01 0.00000000e+00]
 [7.09163347e-01 3.76569038e-01 0.00000000e+00 0.00000000e+00
  0.00000000e+00 1.74293275e-02 6.72233019e-04 1.36645581e-02
  2.37773842e-04 9.40614499e-01 9.23701259e-01 9.75699603e-01
  9.19719371e-01 4.21810666e-01 5.26381911e-01 3.64406755e-01
  9.75699603e-01 1.41106720e-01 3.74759384e-02 1.66666667e-01]
 [2.62948207e-01 8.78661088e-02 0.00000000e+00 0.00000000e+00
  0.00000000e+00 3.70370196e-02 1.85488443e-03 3.97515687e-02
  9.45606210e-04 8.79938044e-01 8.40909112e-01 9.42562637e-01
  8.51130156e-01 2.75720160e-01 6.52010035e-01 3.02966082e-01
  9.42562637e-01 1.90625040e-01 3.65471929e-02 1.66666667e-01]
 [4.42231076e-01 7.94979079e-02 0.00000000e+00 0.00000000e+00
  0.00000000e+00 2.17865588e-02 4.74984485e-04 2.73292015e-02
  5.19416672e-04 7.89568839e-01 7.36201309e-01 8.62297483e-01
  7.63834711e-01 1.99588471e-01 6.80904523e-01 3.32627107e-01
  8.62297483e-01 2.25383760e-01 2.69914594e-02 1.66666667e-01]
 [9.04382470e-01 3.76569038e-02 0.00000000e+00 0.00000000e+00
  0.00000000e+00 4.13943020e-02 8.56297143e-04 1.86335385e-02
  5.42997507e-04 8.71417533e-01 8.32792201e-01 9.31516959e-01
  8.44894720e-01 2.81892975e-01 6.36934674e-01 3.22033878e-01
  9.31516959e-01 1.88891660e-01 3.39044363e-02 1.66666667e-01]
 [7.45019920e-01 1.29707113e-01 0.00000000e+00 0.00000000e+00
  0.00000000e+00 3.05011216e-02 9.49970890e-04 3.72671060e-02
  9.12415392e-04 7.59359721e-01 6.98863611e-01 8.36524280e-01
  7.35775476e-01 1.56378525e-01 6.95979896e-01 3.51694903e-01
  8.36524280e-01 2.41934050e-01 2.23434324e-02 1.66666667e-01]
 [1.71314741e-01 2.84518828e-01 0.00000000e+00 0.00000000e+00
  0.00000000e+00 1.74291776e-02 6.00815049e-04 1.73913217e-02
  2.91190866e-04 7.51097359e-01 6.85876589e-01 8.38733455e-01
  7.20966478e-01 1.23456727e-01 7.47487403e-01 2.98728798e-01
  8.38733455e-01 2.58079100e-01 2.83522010e-02 1.66666667e-01]
 [2.62948207e-01 5.23012552e-01 0.00000000e+00 0.00000000e+00
  0.00000000e+00 2.63616588e-01 6.47185358e-03 5.96273262e-02
  2.30624970e-03 1.08184869e-01 6.57467527e-02 1.67893965e-01
  8.57365507e-02 5.30864189e-01 4.42211053e-01 3.94067780e-01
  1.67893965e-01 6.60813030e-01 4.14092535e-02 3.33333333e-01]
 [8.76494024e-02 4.93723849e-01 0.00000000e+00 0.00000000e+00
  0.00000000e+00 1.96078431e-02 1.35738715e-04 8.69565121e-03
  1.09535210e-04 3.61476890e-03 0.00000000e+00 1.03092786e-02
  0.00000000e+00 8.64197526e-01 1.44472362e-01 5.52966084e-01
  1.03092786e-02 7.77777800e-01 8.09052513e-02 3.33333333e-01]
 [4.06374502e-01 4.76987448e-01 0.00000000e+00 0.00000000e+00
  0.00000000e+00 3.70370392e-02 1.44461492e-03 1.86335414e-02
  4.98593408e-04 1.23934940e-02 3.24675326e-03 2.57731951e-02
  7.01480882e-03 8.18930035e-01 1.80904523e-01 5.38135578e-01
  2.57731951e-02 9.23809500e-01 5.43726975e-02 3.33333333e-01]
 [3.98406375e-01 4.60251046e-01 0.00000000e+00 1.00000000e+00
  0.00000000e+00 2.61437922e-02 1.47169162e-03 3.35403706e-02
  6.40680410e-04 2.37541971e-02 8.11688370e-03 3.97643591e-02
  2.18238503e-02 7.65432088e-01 1.97236178e-01 5.65677949e-01
  3.97643591e-02 8.43518500e-01 2.18416607e-03 3.33333333e-01]
 [6.77290837e-02 3.17991632e-01 0.00000000e+00 0.00000000e+00
  0.00000000e+00 6.10021765e-02 3.42517545e-03 4.22360180e-02
  1.26013013e-03 2.03976257e-02 8.92857119e-03 3.75552269e-02
  1.32501938e-02 7.98353904e-01 2.02261302e-01 5.23305067e-01
  3.75552269e-02 8.62770560e-01 5.58679677e-02 3.33333333e-01]
 [2.90836653e-01 4.93723849e-01 0.00000000e+00 0.00000000e+00
  0.00000000e+00 8.71459686e-03 5.17099881e-05 2.48447187e-03
  2.13727266e-05 3.61476890e-03 0.00000000e+00 1.03092786e-02
  0.00000000e+00 8.64197526e-01 1.44472362e-01 5.52966084e-01
  1.03092786e-02 1.00000000e+00 8.09052513e-02 3.33333333e-01]
 [5.93625498e-01 6.15062762e-01 0.00000000e+00 0.00000000e+00
  0.00000000e+00 8.49673333e-02 2.85051320e-03 3.10559012e-02
  3.01889385e-04 5.88690994e-02 5.11363632e-02 8.10014707e-02
  4.28682754e-02 8.12757192e-01 2.37437179e-01 4.49152527e-01
  8.10014707e-02 5.03086450e-01 1.08879646e-01 5.00000000e-01]
 [7.80876494e-01 4.60251046e-01 0.00000000e+00 0.00000000e+00
  0.00000000e+00 8.49673176e-01 3.03017611e-02 2.11180092e-02
  6.52601705e-04 2.86083148e-01 2.73538948e-01 3.27687764e-01
  2.54091948e-01 6.93415622e-01 3.94472340e-01 3.07203365e-01
  3.27687764e-01 2.80577750e-01 9.92264674e-02 5.00000000e-01]
 [9.36254980e-01 4.43514644e-01 0.00000000e+00 0.00000000e+00
  0.00000000e+00 3.05011216e-02 7.04519365e-04 2.85714318e-02
  5.35852357e-04 3.19907066e-01 2.88961047e-01 3.87334303e-01
  2.78254093e-01 5.41152245e-01 5.35175883e-01 2.26694915e-01
  3.87334303e-01 3.30476880e-01 7.99628657e-02 5.00000000e-01]
 [5.37848606e-01 1.42259414e-01 0.00000000e+00 0.00000000e+00
  0.00000000e+00 4.79302745e-02 2.69531519e-03 4.59627244e-02
  1.10097450e-03 3.69997429e-01 3.51461028e-01 4.22680424e-01
  3.32034275e-01 6.17283934e-01 4.72361787e-01 2.54237298e-01
  4.22680424e-01 2.59367320e-01 8.98917913e-02 5.00000000e-01]
 [7.56972112e-01 4.51882845e-01 0.00000000e+00 0.00000000e+00
  0.00000000e+00 4.35729686e-02 2.25806218e-03 2.11180437e-02
  5.57012000e-04 2.77820820e-01 2.64610371e-01 3.19587612e-01
  2.46297724e-01 6.91358011e-01 3.93216060e-01 3.11440668e-01
  3.19587612e-01 2.71717250e-01 9.72872659e-02 5.00000000e-01]
 [4.66135458e-01 4.81171548e-01 0.00000000e+00 0.00000000e+00
  0.00000000e+00 2.61437922e-02 6.98084211e-04 4.09937922e-02
  1.53082140e-03 1.43299768e-01 1.17694796e-01 1.89985267e-01
  1.18472335e-01 6.46090528e-01 3.84422111e-01 3.72881341e-01
  1.89985267e-01 4.37078000e-01 6.89684607e-02 5.00000000e-01]
 [8.92430279e-01 1.96652720e-01 0.00000000e+00 0.00000000e+00
  0.00000000e+00 1.30719020e-02 7.35845915e-04 9.93788882e-03
  2.48328622e-04 5.80944999e-02 4.05844134e-02 9.35198808e-02
  3.74123149e-02 7.38683124e-01 3.05276384e-01 4.11016934e-01
  9.35198808e-02 6.22222240e-01 8.56925141e-02 6.66666667e-01]
 [8.16733068e-01 2.09205021e-01 0.00000000e+00 0.00000000e+00
  0.00000000e+00 2.17864902e-02 7.04518789e-04 1.11801213e-02
  3.31427867e-04 4.93157790e-02 3.40909112e-02 8.10014707e-02
  3.03975061e-02 7.59259249e-01 2.83919600e-01 4.25847447e-01
  8.10014707e-02 6.45891130e-01 8.93705790e-02 6.66666667e-01]
 [8.84462151e-01 2.13389121e-01 0.00000000e+00 0.00000000e+00
  0.00000000e+00 1.30718980e-02 5.20321646e-04 9.93788703e-03
  3.61998045e-04 4.49264168e-02 3.00324665e-02 7.58468367e-02
  2.65003883e-02 7.63374477e-01 2.78894468e-01 4.30084731e-01
  7.58468367e-02 6.70370400e-01 8.93705790e-02 6.66666667e-01]
 [8.80478088e-01 2.13389121e-01 0.00000000e+00 0.00000000e+00
  0.00000000e+00 1.08932478e-02 4.37915840e-04 1.49068321e-02
  4.02338312e-04 4.46682165e-02 3.00324665e-02 7.58468367e-02
  2.57209659e-02 7.65432088e-01 2.80150748e-01 4.25847447e-01
  7.58468367e-02 6.80808070e-01 9.20698602e-02 6.66666667e-01]
 [8.96414343e-01 5.02092050e-01 0.00000000e+00 0.00000000e+00
  0.00000000e+00 0.00000000e+00 0.00000000e+00 0.00000000e+00
  0.00000000e+00 0.00000000e+00 0.00000000e+00 0.00000000e+00
  0.00000000e+00 8.93004112e-01 1.09296483e-01 5.82627102e-01
  0.00000000e+00 0.00000000e+00 4.69052291e-01 6.66666667e-01]
 [3.78486056e-01 3.47280335e-01 0.00000000e+00 0.00000000e+00
  0.00000000e+00 2.83224549e-02 4.97708834e-04 9.93789240e-03
  3.09904862e-04 1.40975983e-01 1.16883116e-01 1.90721656e-01
  1.11457519e-01 6.58436195e-01 3.99497472e-01 3.34745749e-01
  1.90721656e-01 4.51545750e-01 8.26662612e-02 6.66666667e-01]
 [9.32270916e-01 7.74058577e-01 0.00000000e+00 0.00000000e+00
  0.00000000e+00 6.53594745e-02 2.32695005e-03 4.96894329e-02
  8.28279603e-04 3.29460382e-01 3.05194819e-01 3.88070699e-01
  2.90724844e-01 5.88477340e-01 4.92462314e-01 2.49999976e-01
  3.88070699e-01 2.94237820e-01 8.45709549e-02 8.33333333e-01]
 [6.61354582e-01 7.44769874e-01 0.00000000e+00 0.00000000e+00
  0.00000000e+00 1.48148133e-01 3.90529923e-03 8.44720360e-02
  1.11402472e-03 4.07177901e-01 3.74999987e-01 4.80117787e-01
  3.60872933e-01 5.00000003e-01 5.85427110e-01 1.84322000e-01
  4.80117787e-01 2.95523080e-01 7.96208271e-02 8.33333333e-01]
 [1.59362550e-02 8.32635983e-01 0.00000000e+00 0.00000000e+00
  5.00000000e-01 8.49673412e-02 2.91450034e-03 9.93788659e-02
  1.88509050e-03 3.57603927e-01 3.31980506e-01 4.26362312e-01
  3.09431004e-01 5.67901228e-01 5.51507513e-01 1.71610168e-01
  4.26362312e-01 3.17566400e-01 9.45266972e-02 8.33333333e-01]
 [8.84462151e-01 6.27615063e-01 0.00000000e+00 0.00000000e+00
  0.00000000e+00 5.44662471e-02 5.30672793e-03 2.01242201e-01
  2.23772492e-02 2.93054489e-01 2.62987011e-01 3.46097184e-01
  2.65783320e-01 5.57613172e-01 4.54773854e-01 3.45338958e-01
  3.46097184e-01 3.08416460e-01 4.60824293e-02 8.33333333e-01]
 [1.00000000e+00 7.94979079e-01 0.00000000e+00 0.00000000e+00
  0.00000000e+00 1.80827871e-01 9.59013879e-03 1.24223589e-01
  4.18030148e-03 2.80919184e-01 2.61363650e-01 3.24742266e-01
  2.53312533e-01 6.41975305e-01 4.04522593e-01 3.43220335e-01
  3.24742266e-01 2.75368200e-01 6.58140360e-02 8.33333333e-01]
 [4.14342629e-01 7.61506276e-01 0.00000000e+00 0.00000000e+00
  0.00000000e+00 1.26361647e-01 3.32490693e-03 6.45962785e-02
  1.57056888e-03 4.19055001e-01 3.87987002e-01 4.97790891e-01
  3.65549474e-01 5.04115207e-01 6.18090438e-01 1.24999988e-01
  4.97790891e-01 3.08465360e-01 8.95468801e-02 8.33333333e-01]
 [7.80876494e-01 9.41422594e-01 0.00000000e+00 0.00000000e+00
  0.00000000e+00 9.58605647e-02 1.19191464e-02 7.45341561e-02
  5.48210194e-03 1.12057839e-01 9.57792192e-02 1.10456562e-01
  1.29384256e-01 7.28395050e-01 1.29396985e-01 7.18220319e-01
  1.22974959e-01 2.92728840e-01 9.86076342e-01 1.00000000e+00]
 [3.66533865e-01 9.41422594e-01 0.00000000e+00 1.00000000e+00
  0.00000000e+00 6.97167725e-02 4.70560810e-03 4.47204919e-02
  6.73240771e-04 8.72708486e-02 6.98051902e-02 7.14285724e-02
  1.20810602e-01 7.28395050e-01 5.02512577e-02 8.51694894e-01
  1.14138443e-01 4.47246580e-01 8.89224167e-01 1.00000000e+00]
 [7.37051793e-01 8.66108787e-01 0.00000000e+00 0.00000000e+00
  0.00000000e+00 4.57516314e-02 1.29921279e-03 2.60869512e-02
  4.72871141e-04 9.55331834e-02 7.79220797e-02 8.39469824e-02
  1.24707721e-01 7.24279827e-01 7.41206036e-02 8.15677943e-01
  1.17820331e-01 4.01346830e-01 9.10626808e-01 1.00000000e+00]
 [7.92828685e-01 8.53556485e-01 0.00000000e+00 0.00000000e+00
  0.00000000e+00 6.10021922e-02 1.67260047e-03 1.05590051e-01
  1.90795339e-03 1.60599024e-01 1.24999991e-01 1.49484531e-01
  2.06547153e-01 5.63785968e-01 9.29648257e-02 9.49152498e-01
  1.95139914e-01 4.20766950e-01 9.43682615e-01 1.00000000e+00]
 [7.92828685e-01 1.00000000e+00 0.00000000e+00 0.00000000e+00
  0.00000000e+00 8.93246157e-02 2.47950249e-03 3.22981359e-02
  7.39794560e-04 6.42912475e-02 4.78896081e-02 4.86008844e-02
  9.66484787e-02 7.44855958e-01 4.52261350e-02 8.43220326e-01
  9.13107519e-02 5.63390300e-01 8.75461465e-01 1.00000000e+00]
 [2.78884462e-01 7.07112971e-01 0.00000000e+00 1.00000000e+00
  0.00000000e+00 4.79302745e-02 9.82488721e-04 6.70807412e-02
  1.34648004e-03 1.55693271e-01 1.33928575e-01 1.42120768e-01
  1.90958676e-01 6.70781880e-01 7.91457297e-02 8.62288122e-01
  1.80412362e-01 3.27382600e-01 9.23812273e-01 1.00000000e+00]]

result of iteration 2
69.04761904761905

train_data, group  3 length:  168
[[0.47808765 0.42677824 0.         ... 0.39658895 0.17519682 0.        ]
 [0.31474104 0.35146444 0.         ... 0.39043593 0.17858493 0.        ]
 [0.0876494  0.30962343 0.         ... 0.39975148 0.21202901 0.        ]
 ...
 [0.96015936 0.71966527 0.         ... 0.42024404 0.85376679 1.        ]
 [0.02788845 0.78661088 0.         ... 0.40888458 0.82215545 1.        ]
 [0.80876494 0.60669456 0.         ... 0.38903406 1.         1.        ]]
condensed KNN train data length 41
test_data, group  3 length: 42
[[5.45816733e-01 5.10460251e-01 0.00000000e+00 0.00000000e+00
  0.00000000e+00 2.61437922e-02 7.75649428e-04 2.60869534e-02
  1.52280519e-04 4.49264168e-02 5.68181808e-02 5.22827691e-02
  2.57209659e-02 9.67078189e-01 1.58291458e-01 4.23728805e-01
  5.44918980e-02 5.58201100e-01 2.69333372e-01 0.00000000e+00]
 [1.27490040e-01 5.77405858e-01 0.00000000e+00 0.00000000e+00
  0.00000000e+00 2.17864941e-02 4.39534437e-04 1.61490684e-02
  1.09535102e-04 3.79550765e-02 3.00324665e-02 5.74374097e-02
  2.49415428e-02 8.18930035e-01 2.18592966e-01 4.74576259e-01
  5.74374097e-02 5.78338900e-01 1.01048839e-01 0.00000000e+00]
 [5.77689243e-01 4.72803347e-01 0.00000000e+00 0.00000000e+00
  0.00000000e+00 1.96078392e-02 2.90868564e-04 8.69564853e-03
  7.74760973e-05 4.20862391e-02 5.43831183e-02 4.86008844e-02
  2.33826958e-02 9.71193417e-01 1.53266330e-01 4.27966089e-01
  5.08100132e-02 5.63492060e-01 2.79142596e-01 0.00000000e+00]
 [4.14342629e-01 5.35564854e-01 0.00000000e+00 0.00000000e+00
  0.00000000e+00 1.08932478e-02 1.87448710e-04 1.86335374e-02
  3.76694194e-04 4.26026342e-02 5.51948029e-02 4.78645068e-02
  2.49415428e-02 9.73251032e-01 1.46984924e-01 4.36440666e-01
  5.00736356e-02 5.32627900e-01 2.90036880e-01 0.00000000e+00]
 [7.45019920e-01 5.10460251e-01 0.00000000e+00 0.00000000e+00
  0.00000000e+00 1.30718957e-02 4.65389905e-04 1.11801235e-02
  5.61033671e-05 4.64756006e-02 6.08766278e-02 5.15463909e-02
  2.72798115e-02 9.85596709e-01 1.46984924e-01 4.23728805e-01
  5.59646572e-02 5.38580240e-01 2.97659098e-01 0.00000000e+00]
 [7.76892430e-01 4.93723849e-01 0.00000000e+00 0.00000000e+00
  0.00000000e+00 3.26797353e-02 7.56258399e-04 1.49068321e-02
  1.28236309e-04 4.41518228e-02 5.76298705e-02 4.86008844e-02
  2.65003883e-02 9.79423866e-01 1.43216080e-01 4.36440666e-01
  5.44918980e-02 5.40123460e-01 2.96182909e-01 0.00000000e+00]
 [3.66533865e-01 7.53138075e-02 0.00000000e+00 0.00000000e+00
  0.00000000e+00 4.79303490e-02 2.14597561e-03 3.10559370e-02
  1.13543154e-03 8.95688115e-01 8.69318175e-01 9.46244419e-01
  8.67498006e-01 3.66255108e-01 5.94221105e-01 3.07203365e-01
  9.46244419e-01 1.66484340e-01 4.32162615e-02 1.66666667e-01]
 [3.14741036e-01 1.21338912e-01 0.00000000e+00 0.00000000e+00
  0.00000000e+00 2.39651255e-02 1.00198239e-03 1.61490758e-02
  5.57012360e-04 7.71753196e-01 7.02922056e-01 8.54933720e-01
  7.49805094e-01 8.84773556e-02 7.29899493e-01 3.64406755e-01
  8.54933720e-01 2.54051300e-01 1.78391447e-02 1.66666667e-01]
 [6.89243028e-01 1.63179916e-01 0.00000000e+00 0.00000000e+00
  0.00000000e+00 3.92157373e-02 1.32656209e-03 2.11180302e-02
  6.87123376e-04 7.49031751e-01 6.91558416e-01 8.33578801e-01
  7.14731049e-01 1.83127563e-01 7.31155762e-01 2.64830508e-01
  8.33578801e-01 2.47336800e-01 3.58893763e-02 1.66666667e-01]
 [2.58964143e-01 1.25523013e-01 0.00000000e+00 0.00000000e+00
  0.00000000e+00 2.39651741e-02 5.71959562e-04 8.69571784e-03
  2.36403561e-04 7.64781856e-01 6.94805218e-01 8.54197350e-01
  7.37334377e-01 8.23044480e-02 7.60050249e-01 3.19915236e-01
  8.54197350e-01 2.62045620e-01 2.33891930e-02 1.66666667e-01]
 [5.53784861e-01 5.85774059e-02 0.00000000e+00 0.00000000e+00
  0.00000000e+00 3.92156373e-02 2.55964907e-03 2.48447098e-02
  8.54901960e-05 8.92331554e-01 8.60389620e-01 9.43299006e-01
  8.69056844e-01 3.25102866e-01 5.95477373e-01 3.47457619e-01
  9.43299006e-01 1.72503640e-01 3.26913257e-02 1.66666667e-01]
 [4.82071713e-01 0.00000000e+00 0.00000000e+00 0.00000000e+00
  0.00000000e+00 3.92156863e-02 5.42962870e-04 6.45963053e-02
  3.64404934e-03 1.00000000e+00 1.00000000e+00 1.00000000e+00
  1.00000000e+00 5.28806578e-01 3.61809046e-01 5.31779644e-01
  1.00000000e+00 9.27730100e-02 1.72401878e-03 1.66666667e-01]
 [8.96414343e-01 4.14225941e-01 0.00000000e+00 0.00000000e+00
  0.00000000e+00 1.30718957e-02 1.55129893e-04 1.11801229e-02
  1.52280642e-04 1.16189000e-02 8.11688297e-04 2.94550825e-02
  3.11769285e-03 8.06584358e-01 2.03517582e-01 5.12711848e-01
  2.94550825e-02 9.77777800e-01 6.94912669e-02 3.33333333e-01]
 [2.31075697e-01 4.56066946e-01 0.00000000e+00 0.00000000e+00
  0.00000000e+00 8.49673216e-02 3.46610101e-03 3.22981269e-02
  1.34876947e-03 1.32971860e-01 7.71103849e-02 2.19440344e-01
  9.50896268e-02 4.19753073e-01 5.85427110e-01 2.66949150e-01
  2.19440344e-01 6.81266400e-01 5.55404216e-02 3.33333333e-01]
 [2.27091633e-01 4.10041841e-01 0.00000000e+00 0.00000000e+00
  0.00000000e+00 3.48583882e-02 4.39534437e-04 6.33540326e-02
  1.21022986e-03 2.99509413e-02 1.05519476e-02 5.59646572e-02
  2.10444265e-02 7.34567902e-01 2.50000003e-01 5.08474562e-01
  5.59646572e-02 8.64482400e-01 4.58058665e-02 3.33333333e-01]
 [7.96812749e-02 4.64435146e-01 0.00000000e+00 0.00000000e+00
  0.00000000e+00 1.74291941e-02 7.04518737e-04 9.93788771e-03
  2.91191082e-04 3.87296712e-03 0.00000000e+00 8.10014707e-03
  3.11769285e-03 8.62139914e-01 1.31909548e-01 5.76271170e-01
  8.10014707e-03 5.55555600e-01 1.60099160e-02 3.33333333e-01]
 [5.53784861e-01 4.72803347e-01 0.00000000e+00 0.00000000e+00
  0.00000000e+00 3.92156863e-02 7.75649795e-04 2.48447209e-02
  7.58731476e-04 1.75574487e-02 1.62337659e-03 4.05007353e-02
  8.57365507e-03 7.65432088e-01 2.31155778e-01 5.08474562e-01
  4.05007353e-02 9.73765430e-01 4.88313780e-02 3.33333333e-01]
 [3.14741036e-01 3.17991632e-01 0.00000000e+00 0.00000000e+00
  5.00000000e-01 9.56427098e-01 1.00000000e+00 1.00000000e+00
  1.00000000e+00 4.70178140e-01 4.29383130e-01 5.23564061e-01
  4.52844912e-01 4.11522610e-01 5.01256286e-01 4.17372860e-01
  5.23564061e-01 3.06281270e-01 2.01678099e-02 3.33333333e-01]
 [7.41035857e-01 2.88702929e-01 0.00000000e+00 0.00000000e+00
  0.00000000e+00 5.22875569e-02 1.24103991e-03 2.98136642e-02
  5.12943535e-04 2.82468390e-01 2.75974040e-01 3.15905750e-01
  2.53312533e-01 7.40740735e-01 3.51758794e-01 3.30508465e-01
  3.15905750e-01 2.44729680e-01 1.09018770e-01 5.00000000e-01]
 [5.53784861e-01 2.59414226e-01 0.00000000e+00 0.00000000e+00
  0.00000000e+00 6.75380941e-02 1.44461606e-03 1.73912948e-02
  7.23995210e-04 3.22747225e-01 3.33603903e-01 3.38733422e-01
  2.95401386e-01 8.58024688e-01 2.72613067e-01 3.43220335e-01
  3.38733422e-01 1.76155600e-01 1.57409219e-01 5.00000000e-01]
 [3.10756972e-01 7.11297071e-02 0.00000000e+00 0.00000000e+00
  0.00000000e+00 1.67755961e-01 6.56530495e-03 1.86335385e-02
  4.74837145e-04 4.35063262e-01 3.90422064e-01 5.24300464e-01
  3.83476225e-01 3.95061683e-01 6.75879369e-01 1.39830520e-01
  5.24300464e-01 3.24555780e-01 7.16181300e-02 5.00000000e-01]
 [8.60557769e-01 5.73221757e-01 0.00000000e+00 0.00000000e+00
  0.00000000e+00 8.06100235e-02 4.45352536e-03 2.36024773e-02
  3.66008160e-04 2.02685263e-01 1.56655847e-01 2.75405015e-01
  1.69914250e-01 4.69135761e-01 5.32663289e-01 3.05084743e-01
  2.75405015e-01 4.83770800e-01 5.42967507e-02 5.00000000e-01]
 [7.52988048e-01 3.93305439e-01 0.00000000e+00 0.00000000e+00
  0.00000000e+00 7.40740902e-02 4.00752657e-03 4.84471871e-02
  1.21023181e-03 3.18874262e-01 3.01136345e-01 3.73343140e-01
  2.78254093e-01 6.41975305e-01 4.68592969e-01 2.35169502e-01
  3.73343140e-01 2.95991840e-01 9.91253347e-02 5.00000000e-01]
 [9.12350598e-01 4.43514644e-01 0.00000000e+00 0.00000000e+00
  0.00000000e+00 1.28540337e-01 1.62122823e-03 3.22981090e-02
  6.20821692e-04 2.72140468e-01 2.45129879e-01 3.29896920e-01
  2.36944669e-01 5.88477340e-01 4.73618055e-01 2.81779643e-01
  3.29896920e-01 3.35025880e-01 7.87110590e-02 5.00000000e-01]
 [6.33466135e-01 4.14225941e-01 0.00000000e+00 0.00000000e+00
  0.00000000e+00 3.26797255e-02 1.20631561e-03 9.93787094e-03
  1.96320903e-04 2.20500913e-01 1.98863626e-01 2.60677483e-01
  1.98752921e-01 6.48148139e-01 3.70602996e-01 3.94067780e-01
  2.60677483e-01 3.07444100e-01 6.36983481e-02 6.66666667e-01]
 [8.20717131e-01 4.35146444e-01 0.00000000e+00 0.00000000e+00
  0.00000000e+00 4.13943333e-02 5.75273248e-04 3.72670836e-03
  2.40443201e-05 8.52052683e-03 3.24675326e-03 1.91458019e-02
  2.33826965e-03 8.49794234e-01 1.65829145e-01 5.31779644e-01
  1.91458019e-02 9.33333340e-01 8.62535717e-02 6.66666667e-01]
 [4.86055777e-01 5.89958159e-01 0.00000000e+00 0.00000000e+00
  0.00000000e+00 0.00000000e+00 0.00000000e+00 0.00000000e+00
  0.00000000e+00 0.00000000e+00 0.00000000e+00 0.00000000e+00
  0.00000000e+00 8.93004112e-01 1.09296483e-01 5.82627102e-01
  0.00000000e+00 0.00000000e+00 4.69052291e-01 6.66666667e-01]
 [2.23107570e-01 3.26359833e-01 0.00000000e+00 0.00000000e+00
  0.00000000e+00 6.75381255e-02 2.28043021e-03 1.37888186e-01
  3.39271971e-03 1.18512784e-01 9.49675317e-02 1.62739318e-01
  9.43102114e-02 6.70781880e-01 3.65577875e-01 3.79237267e-01
  1.62739318e-01 4.77488520e-01 7.43537353e-02 6.66666667e-01]
 [2.11155378e-01 5.10460251e-01 0.00000000e+00 0.00000000e+00
  0.00000000e+00 6.10021843e-02 1.75813914e-03 1.11801249e-02
  2.48457798e-04 3.74386794e-02 2.67857143e-02 5.96465386e-02
  2.41621190e-02 7.98353904e-01 2.32412059e-01 4.72457613e-01
  5.96465386e-02 6.30471400e-01 8.95034581e-02 6.66666667e-01]
 [7.76892430e-01 3.51464435e-01 0.00000000e+00 0.00000000e+00
  0.00000000e+00 6.75381176e-02 1.96129766e-03 2.98136665e-02
  9.12417484e-04 5.31887440e-02 4.95129860e-02 7.14285724e-02
  3.74123149e-02 8.45679006e-01 2.16080406e-01 4.51271169e-01
  7.14285724e-02 5.12565850e-01 1.44868264e-01 6.66666667e-01]
 [4.42231076e-01 7.78242678e-01 0.00000000e+00 0.00000000e+00
  0.00000000e+00 1.65577384e-01 5.22485150e-03 1.10559005e-01
  2.25256353e-03 3.50890784e-01 3.26298708e-01 4.12371116e-01
  3.09431004e-01 5.78189284e-01 5.12562818e-01 2.26694915e-01
  4.12371116e-01 2.96328490e-01 8.52000644e-02 8.33333333e-01]
 [9.68127490e-01 7.65690377e-01 0.00000000e+00 0.00000000e+00
  0.00000000e+00 6.75381176e-02 1.99550992e-03 5.09316788e-02
  1.46978798e-03 3.46759623e-01 3.24675311e-01 4.08689255e-01
  3.02416195e-01 5.98765414e-01 5.13819110e-01 2.03389797e-01
  4.08689255e-01 3.00853070e-01 9.43521196e-02 8.33333333e-01]
 [3.38645418e-01 7.61506276e-01 0.00000000e+00 0.00000000e+00
  0.00000000e+00 1.28540365e-01 2.88336768e-03 4.96894329e-02
  1.30520204e-03 4.28091922e-01 3.92045461e-01 5.07363796e-01
  3.78799676e-01 4.62962964e-01 6.23115547e-01 1.58898316e-01
  5.07363796e-01 2.99578960e-01 7.81291337e-02 8.33333333e-01]
 [7.49003984e-01 7.36401674e-01 0.00000000e+00 0.00000000e+00
  0.00000000e+00 4.79303020e-02 1.75166441e-03 6.83229714e-02
  1.72326984e-03 3.38239112e-01 3.22240249e-01 3.96907221e-01
  2.91504288e-01 6.48148139e-01 4.94974851e-01 1.84322000e-01
  3.96907221e-01 3.05754570e-01 1.08134114e-01 8.33333333e-01]
 [8.12749004e-01 7.48953975e-01 0.00000000e+00 0.00000000e+00
  0.00000000e+00 5.01089137e-02 1.74197464e-03 3.60248333e-02
  8.10641369e-04 3.44952234e-01 3.27110403e-01 4.02061862e-01
  3.01636779e-01 6.31687231e-01 4.88693473e-01 2.11864383e-01
  4.02061862e-01 2.90788440e-01 1.00697441e-01 8.33333333e-01]
 [3.46613546e-01 7.07112971e-01 0.00000000e+00 0.00000000e+00
  0.00000000e+00 5.88235059e-02 1.63508572e-03 8.57142506e-02
  2.08368618e-03 3.51407179e-01 3.30357124e-01 4.13107499e-01
  3.06313328e-01 6.04938267e-01 5.13819110e-01 1.97033909e-01
  4.13107499e-01 3.00918200e-01 9.67832889e-02 8.33333333e-01]
 [1.11553785e-01 7.69874477e-01 0.00000000e+00 0.00000000e+00
  0.00000000e+00 1.74291894e-02 7.04518423e-04 1.36645900e-02
  4.90802329e-04 1.11799642e-01 1.05519484e-01 8.83652401e-02
  1.42634451e-01 8.04526744e-01 1.75879442e-02 8.28389813e-01
  1.34756999e-01 3.42306940e-01 8.29149176e-01 1.00000000e+00]
 [9.40239044e-01 7.53138075e-01 0.00000000e+00 0.00000000e+00
  0.00000000e+00 3.92156863e-02 5.42954650e-04 3.35403706e-02
  7.29344012e-04 5.11231631e-02 3.89610399e-02 3.60824757e-02
  7.87217419e-02 7.81892996e-01 4.52261350e-02 8.05084733e-01
  7.43740775e-02 5.35819700e-01 8.62393534e-01 1.00000000e+00]
 [2.47011952e-01 8.74476987e-01 0.00000000e+00 0.00000000e+00
  0.00000000e+00 1.19825725e-01 2.66370949e-02 8.19875733e-02
  4.39209504e-03 5.70617097e-02 4.78896081e-02 4.27098688e-02
  8.10600092e-02 8.02469127e-01 5.02512577e-02 7.75423708e-01
  7.65832064e-02 4.86717280e-01 8.56968507e-01 1.00000000e+00]
 [3.98406375e-03 9.79079498e-01 0.00000000e+00 0.00000000e+00
  0.00000000e+00 7.40740706e-02 3.77482825e-03 7.08074498e-02
  2.36435769e-03 4.46682165e-02 4.54545457e-02 3.97643591e-02
  4.91036618e-02 8.82716045e-01 9.54773882e-02 6.16525407e-01
  4.78645068e-02 1.91049380e-01 7.94605270e-01 1.00000000e+00]
 [4.06374502e-01 8.57740586e-01 0.00000000e+00 0.00000000e+00
  0.00000000e+00 3.48583859e-02 1.13761919e-03 4.84471938e-02
  8.25521240e-04 1.01471727e-01 7.95454547e-02 9.05743756e-02
  1.34060783e-01 6.89300400e-01 7.91457297e-02 8.43220326e-01
  1.26656840e-01 4.31695760e-01 9.22647681e-01 1.00000000e+00]
 [2.23107570e-01 6.94560669e-01 0.00000000e+00 0.00000000e+00
  0.00000000e+00 3.70370569e-02 9.63097901e-04 3.22981314e-02
  1.23961899e-03 1.36586625e-01 1.15259741e-01 1.22238589e-01
  1.72252524e-01 6.81069936e-01 7.03517610e-02 8.66525406e-01
  1.62739318e-01 3.58990400e-01 9.16293816e-01 1.00000000e+00]]

result of iteration 3
57.14285714285714

train_data, group  4 length:  168
[[0.47808765 0.42677824 0.         ... 0.39658895 0.17519682 0.        ]
 [0.31474104 0.35146444 0.         ... 0.39043593 0.17858493 0.        ]
 [0.0876494  0.30962343 0.         ... 0.39975148 0.21202901 0.        ]
 ...
 [0.00398406 0.9790795  0.         ... 0.19104938 0.79460527 1.        ]
 [0.4063745  0.85774059 0.         ... 0.43169576 0.92264768 1.        ]
 [0.22310757 0.69456067 0.         ... 0.3589904  0.91629382 1.        ]]
condensed KNN train data length 38
test_data, group  4 length: 42
[[6.77290837e-02 5.31380753e-01 0.00000000e+00 0.00000000e+00
  0.00000000e+00 3.48583859e-02 9.82489419e-04 1.86335374e-02
  2.16398717e-04 4.00206589e-02 5.35714294e-02 4.34462425e-02
  2.33826958e-02 9.81481481e-01 1.36934673e-01 4.44915237e-01
  4.86008844e-02 5.43871200e-01 3.09280844e-01 0.00000000e+00]
 [8.36653386e-02 4.39330544e-01 0.00000000e+00 0.00000000e+00
  0.00000000e+00 1.52505392e-02 1.87448665e-04 7.45341382e-03
  9.61772572e-05 3.92460635e-02 4.95129860e-02 4.63917522e-02
  2.18238503e-02 9.56790122e-01 1.55778892e-01 4.38559312e-01
  4.86008844e-02 5.75396840e-01 2.65262823e-01 0.00000000e+00]
 [4.74103586e-01 5.23012552e-01 0.00000000e+00 0.00000000e+00
  0.00000000e+00 2.39651435e-02 7.30403716e-04 2.23602493e-02
  3.20590809e-04 4.36354243e-02 5.68181808e-02 4.78645068e-02
  2.65003883e-02 9.77366251e-01 1.41959798e-01 4.40677946e-01
  5.30191454e-02 5.29541430e-01 2.97698146e-01 0.00000000e+00]
 [1.31474104e-01 5.27196653e-01 0.00000000e+00 0.00000000e+00
  0.00000000e+00 1.96078510e-02 2.90868721e-04 2.48447165e-02
  3.41963640e-04 4.07952515e-02 5.68181808e-02 4.27098688e-02
  2.33826958e-02 1.00000000e+00 1.29396985e-01 4.38559312e-01
  5.15463909e-02 5.73633130e-01 3.31118995e-01 0.00000000e+00]
 [3.98406375e-02 4.05857741e-01 0.00000000e+00 0.00000000e+00
  0.00000000e+00 5.22875882e-02 1.39616977e-03 3.10558967e-02
  6.86598587e-04 1.23160340e-01 1.38798700e-01 1.39911626e-01
  9.04130923e-02 9.67078189e-01 2.26130647e-01 3.09322026e-01
  1.39911626e-01 3.88756450e-01 2.27732417e-01 0.00000000e+00]
 [5.17928287e-02 4.14225941e-01 0.00000000e+00 0.00000000e+00
  0.00000000e+00 6.75381333e-02 9.34011191e-03 5.96273262e-02
  7.37359424e-04 1.24967730e-01 1.37987020e-01 1.42120768e-01
  9.43102114e-02 9.46502055e-01 2.28643207e-01 3.26271162e-01
  1.42120768e-01 3.68848320e-01 2.19770362e-01 0.00000000e+00]
 [4.22310757e-01 4.18410042e-02 0.00000000e+00 0.00000000e+00
  0.00000000e+00 2.61435906e-02 9.01223516e-04 2.60869534e-02
  2.94481498e-04 8.83811042e-01 8.45779230e-01 9.40353461e-01
  8.60483197e-01 2.81892975e-01 6.21859267e-01 3.47457619e-01
  9.40353461e-01 1.84021890e-01 2.97594597e-02 1.66666667e-01]
 [4.06374502e-01 2.21757322e-01 0.00000000e+00 0.00000000e+00
  0.00000000e+00 2.61437922e-02 1.22026142e-03 2.98136061e-02
  6.62855511e-04 7.58326917e-01 7.03733780e-01 8.36524280e-01
  7.27981287e-01 2.01646083e-01 7.01004994e-01 2.96610156e-01
  8.36524280e-01 2.36796800e-01 3.25262554e-02 1.66666667e-01]
 [4.94023904e-01 1.46443515e-01 0.00000000e+00 1.00000000e+00
  0.00000000e+00 2.39650761e-02 1.06739910e-03 4.84472318e-02
  5.63888577e-04 8.68319190e-01 8.23863646e-01 9.34462438e-01
  8.40997608e-01 2.38683121e-01 6.67085397e-01 3.15677952e-01
  9.34462438e-01 2.00123760e-01 3.21101046e-02 1.66666667e-01]
 [6.01593625e-01 2.92887029e-02 0.00000000e+00 0.00000000e+00
  0.00000000e+00 3.05010745e-02 7.94807611e-04 1.24223974e-02
  1.96320181e-04 7.81564730e-01 7.10227251e-01 8.64506592e-01
  7.62275873e-01 6.58435584e-02 7.31155762e-01 3.85593212e-01
  8.64506592e-01 2.54668400e-01 1.40793137e-02 1.66666667e-01]
 [4.90039841e-01 7.53138075e-02 0.00000000e+00 0.00000000e+00
  0.00000000e+00 3.92157373e-02 1.24103328e-03 2.36024348e-02
  6.54546294e-04 8.95429896e-01 8.70941535e-01 9.46980855e-01
  8.64380316e-01 3.80658424e-01 5.99246203e-01 2.83898285e-01
  9.46980855e-01 1.65616140e-01 4.81519709e-02 1.66666667e-01]
 [2.39043825e-02 2.92887029e-02 0.00000000e+00 0.00000000e+00
  0.00000000e+00 5.01089647e-02 1.27335268e-03 2.11180302e-02
  2.69834279e-04 9.66434251e-01 9.74026015e-01 9.77908712e-01
  9.46999191e-01 5.98765414e-01 4.12060307e-01 3.74999983e-01
  9.77908712e-01 9.63522340e-02 5.86259789e-02 1.66666667e-01]
 [2.66932271e-01 3.84937238e-01 0.00000000e+00 0.00000000e+00
  0.00000000e+00 2.61437941e-02 1.00834445e-03 2.48447165e-02
  6.94613761e-04 1.49754706e-02 8.11688297e-04 3.75552269e-02
  4.67653945e-03 7.79835385e-01 2.28643207e-01 4.97881335e-01
  3.75552269e-02 9.87654300e-01 6.40274510e-02 3.33333333e-01]
 [9.16334661e-01 4.72803347e-01 0.00000000e+00 0.00000000e+00
  0.00000000e+00 1.35076263e-01 2.61135410e-02 4.09937878e-02
  4.64055385e-03 2.09140208e-02 1.05519476e-02 3.90279828e-02
  1.16913476e-02 8.06584358e-01 2.07286434e-01 5.06355916e-01
  3.90279828e-02 8.95369000e-01 7.63570041e-02 3.33333333e-01]
 [5.53784861e-01 4.76987448e-01 0.00000000e+00 0.00000000e+00
  0.00000000e+00 2.61437871e-02 3.87824897e-04 5.96273262e-02
  2.72502238e-03 2.73689660e-02 1.13636366e-02 5.15463909e-02
  1.71473101e-02 7.61316866e-01 2.39949739e-01 4.97881335e-01
  5.15463909e-02 8.53198650e-01 5.49881485e-02 3.33333333e-01]
 [3.70517928e-01 5.56485356e-01 0.00000000e+00 0.00000000e+00
  0.00000000e+00 1.74291929e-02 2.06839858e-04 1.11801229e-02
  1.20221590e-04 8.00413177e-03 0.00000000e+00 2.28276873e-02
  0.00000000e+00 8.29218102e-01 1.87185929e-01 5.16949137e-01
  2.28276873e-02 1.00000000e+00 8.09052513e-02 3.33333333e-01]
 [1.75298805e-01 3.26359833e-01 0.00000000e+00 0.00000000e+00
  0.00000000e+00 3.05010863e-02 5.94664993e-04 1.73913022e-02
  3.41963496e-04 1.60082635e-02 8.11688297e-04 4.27098688e-02
  2.33826965e-03 7.71604935e-01 2.50000003e-01 4.70338965e-01
  4.27098688e-02 9.86111100e-01 7.54363574e-02 3.33333333e-01]
 [2.70916335e-01 5.35564854e-01 0.00000000e+00 0.00000000e+00
  0.00000000e+00 1.11111090e-01 3.09471194e-03 4.72049680e-02
  1.20381732e-03 1.26000520e-01 1.16883116e-01 1.49484531e-01
  1.09898674e-01 7.77777768e-01 2.61306535e-01 4.44915237e-01
  1.58321067e-01 3.86611820e-01 1.53472049e-01 3.33333333e-01]
 [5.13944223e-01 8.78661088e-02 0.00000000e+00 0.00000000e+00
  0.00000000e+00 4.35729922e-02 1.82730816e-03 1.86335535e-02
  6.03506483e-04 4.14665636e-01 3.96103877e-01 4.69808546e-01
  3.74123128e-01 6.00823026e-01 4.96231120e-01 2.30932180e-01
  4.69808546e-01 2.49000640e-01 9.05372652e-02 5.00000000e-01]
 [8.24701195e-01 2.25941423e-01 0.00000000e+00 0.00000000e+00
  0.00000000e+00 5.44661725e-02 2.15844271e-03 5.91304324e-01
  1.84209328e-02 3.95300822e-01 3.84740266e-01 4.27098642e-01
  3.71784868e-01 6.68724269e-01 3.71859276e-01 3.70762699e-01
  4.27098642e-01 1.97130380e-01 1.03808574e-01 5.00000000e-01]
 [6.69322709e-01 3.80753138e-01 0.00000000e+00 0.00000000e+00
  0.00000000e+00 3.92156863e-02 6.20518471e-04 1.98757844e-02
  2.13726653e-04 4.05886906e-01 3.90422064e-01 4.61708413e-01
  3.61652376e-01 6.27572008e-01 4.97487412e-01 2.01271174e-01
  4.61708413e-01 2.59759960e-01 1.01070800e-01 5.00000000e-01]
 [1.63346614e-01 1.92468619e-01 0.00000000e+00 0.00000000e+00
  0.00000000e+00 5.44662980e-02 1.70267656e-03 2.23602191e-02
  2.63392252e-04 4.58042884e-01 4.34253233e-01 5.26509540e-01
  4.08417743e-01 5.45267449e-01 5.75376846e-01 1.54660994e-01
  5.26509540e-01 2.66776140e-01 9.27091441e-02 5.00000000e-01]
 [1.43426295e-01 2.80334728e-01 0.00000000e+00 0.00000000e+00
  0.00000000e+00 3.92157098e-02 3.10259105e-04 5.71428747e-02
  2.07315319e-03 3.05447991e-01 3.00324665e-01 3.43888076e-01
  2.69680418e-01 7.42798346e-01 3.83165808e-01 2.75423736e-01
  3.43888076e-01 2.58916440e-01 1.19513016e-01 5.00000000e-01]
 [5.97609562e-01 3.26359833e-01 0.00000000e+00 0.00000000e+00
  0.00000000e+00 3.28976039e-01 7.98838701e-03 1.61490630e-02
  2.81089355e-04 2.21017301e-01 1.99675328e-01 2.71723120e-01
  1.87841000e-01 6.50205750e-01 4.24623120e-01 3.00847440e-01
  2.71723120e-01 3.51272520e-01 8.97738125e-02 5.00000000e-01]
 [2.27091633e-01 4.26778243e-01 0.00000000e+00 0.00000000e+00
  0.00000000e+00 1.35076263e-01 2.13479840e-03 1.61490691e-02
  2.81088951e-04 1.45365355e-01 1.23376630e-01 1.88512521e-01
  1.20810602e-01 6.72839492e-01 3.66834178e-01 3.74999983e-01
  1.88512521e-01 4.14807200e-01 7.51050120e-02 6.66666667e-01]
 [1.00000000e+00 5.27196653e-01 0.00000000e+00 0.00000000e+00
  0.00000000e+00 3.48583859e-02 9.49972810e-04 1.36645952e-02
  5.13821198e-04 5.16395547e-03 2.43506496e-03 1.17820325e-02
  7.79423195e-04 8.70370367e-01 1.44472362e-01 5.46610155e-01
  1.17820325e-02 7.50000000e-01 9.69895388e-02 6.66666667e-01]
 [5.61752988e-01 4.18410042e-01 0.00000000e+00 0.00000000e+00
  0.00000000e+00 4.35729922e-02 7.94804069e-04 1.24223547e-02
  2.48328406e-04 2.00361478e-01 1.79383111e-01 2.37849785e-01
  1.80826192e-01 6.60493824e-01 3.51758794e-01 4.13135576e-01
  2.37849785e-01 3.15483720e-01 6.08395749e-02 6.66666667e-01]
 [7.49003984e-01 5.43933054e-01 0.00000000e+00 0.00000000e+00
  0.00000000e+00 0.00000000e+00 0.00000000e+00 0.00000000e+00
  0.00000000e+00 0.00000000e+00 0.00000000e+00 0.00000000e+00
  0.00000000e+00 8.93004112e-01 1.09296483e-01 5.82627102e-01
  0.00000000e+00 0.00000000e+00 4.69052291e-01 6.66666667e-01]
 [9.64143426e-01 3.47280335e-01 0.00000000e+00 0.00000000e+00
  0.00000000e+00 2.61437882e-02 5.42954755e-04 4.96894352e-03
  2.13727237e-05 8.26232930e-03 1.62337659e-03 2.13549341e-02
  7.79423195e-04 8.39506169e-01 1.78391957e-01 5.21186423e-01
  2.13549341e-02 9.77777800e-01 8.51962281e-02 6.66666667e-01]
 [6.01593625e-01 6.02510460e-01 0.00000000e+00 0.00000000e+00
  0.00000000e+00 1.96078431e-02 1.06651811e-03 2.40993779e-01
  9.50765446e-02 5.08649621e-02 3.89610399e-02 7.29013249e-02
  3.89711583e-02 7.83950607e-01 2.34924619e-01 4.83050830e-01
  7.29013249e-02 5.00000000e-01 7.69815546e-02 6.66666667e-01]
 [5.41832669e-01 7.15481172e-01 0.00000000e+00 0.00000000e+00
  0.00000000e+00 7.18954275e-02 6.72876008e-03 8.07453274e-02
  6.64959088e-03 2.43480514e-01 2.29707794e-01 2.84241537e-01
  2.13561961e-01 6.99588456e-01 3.79396990e-01 3.26271162e-01
  2.84241537e-01 2.85756170e-01 9.81907699e-02 8.33333333e-01]
 [7.05179283e-01 7.28033473e-01 0.00000000e+00 0.00000000e+00
  0.00000000e+00 1.02396545e-01 3.15249380e-03 6.95652195e-02
  1.64253974e-03 3.41853870e-01 3.21428569e-01 4.02061862e-01
  2.97739653e-01 6.13168711e-01 5.03768846e-01 2.05508439e-01
  4.02061862e-01 3.00036160e-01 9.72527581e-02 8.33333333e-01]
 [9.92031873e-01 6.90376569e-01 0.00000000e+00 0.00000000e+00
  5.00000000e-01 6.31808627e-02 1.85488059e-03 7.70186188e-02
  1.22287636e-03 3.74128603e-01 3.44155833e-01 4.48453627e-01
  3.24240037e-01 5.28806578e-01 5.84170841e-01 1.56779636e-01
  4.48453627e-01 3.18137200e-01 8.87143376e-02 8.33333333e-01]
 [1.19521912e-02 7.44769874e-01 0.00000000e+00 0.00000000e+00
  0.00000000e+00 8.06100588e-02 6.78047052e-03 2.62111758e-01
  8.26617083e-02 1.84353224e-01 1.71266236e-01 2.18703975e-01
  1.60561188e-01 7.26337438e-01 3.31658278e-01 3.79237267e-01
  2.18703975e-01 2.71472570e-01 7.96808914e-02 8.33333333e-01]
 [3.38645418e-01 7.78242678e-01 0.00000000e+00 1.00000000e+00
  5.00000000e-01 6.31808627e-02 2.53350754e-03 2.85714452e-02
  7.96250054e-04 4.40743608e-01 4.10714266e-01 5.15463928e-01
  3.90491034e-01 5.04115207e-01 6.03015077e-01 1.50423729e-01
  5.15463928e-01 2.85332620e-01 8.57932761e-02 8.33333333e-01]
 [8.00796813e-01 7.61506276e-01 0.00000000e+00 0.00000000e+00
  0.00000000e+00 4.35730196e-02 1.30944540e-03 7.57763752e-02
  1.79555909e-03 2.90730718e-01 2.76785720e-01 3.35787930e-01
  2.56430244e-01 6.81069936e-01 4.13316587e-01 2.88135569e-01
  3.35787930e-01 2.78386650e-01 9.96969373e-02 8.33333333e-01]
 [9.24302789e-01 8.36820084e-01 0.00000000e+00 1.00000000e+00
  0.00000000e+00 1.04575165e-01 1.06264011e-02 3.72670769e-02
  1.25030426e-03 1.07668481e-01 9.09090942e-02 1.00883650e-01
  1.30943107e-01 7.26337438e-01 1.01758794e-01 7.66949140e-01
  1.23711348e-01 3.35421470e-01 9.42555052e-01 1.00000000e+00]
 [9.24302789e-01 7.23849372e-01 0.00000000e+00 0.00000000e+00
  0.00000000e+00 1.96078510e-02 1.35738664e-04 1.73913015e-02
  5.66377019e-04 8.26232861e-02 7.14285725e-02 6.55375555e-02
  1.11457519e-01 7.77777768e-01 4.27135691e-02 8.13559301e-01
  1.05301915e-01 4.05555550e-01 8.63546858e-01 1.00000000e+00]
 [4.62151394e-01 8.91213389e-01 0.00000000e+00 0.00000000e+00
  0.00000000e+00 1.19825710e-01 4.46714587e-03 6.83229781e-02
  2.17951645e-03 1.41234195e-01 1.12824678e-01 1.17820331e-01
  1.93296950e-01 6.25514378e-01 2.51256283e-02 1.00000000e+00
  1.82621497e-01 4.41516220e-01 8.96073058e-01 1.00000000e+00]
 [9.60159363e-01 7.19665272e-01 0.00000000e+00 0.00000000e+00
  0.00000000e+00 5.88235255e-02 1.63508514e-03 4.84472027e-02
  1.29705628e-03 1.07152079e-01 9.25324692e-02 8.24742299e-02
  1.47310985e-01 7.42798346e-01 1.00502522e-02 9.04661018e-01
  1.39175257e-01 4.20244040e-01 8.53766787e-01 1.00000000e+00]
 [2.78884462e-02 7.86610879e-01 0.00000000e+00 0.00000000e+00
  0.00000000e+00 6.53594941e-02 1.37664169e-03 3.10559079e-02
  5.13821198e-04 1.04570104e-01 9.74025942e-02 7.80559656e-02
  1.39516761e-01 8.00411516e-01 0.00000000e+00 8.62288122e-01
  1.31811494e-01 4.08884580e-01 8.22155452e-01 1.00000000e+00]
 [8.08764940e-01 6.06694561e-01 0.00000000e+00 0.00000000e+00
  0.00000000e+00 1.96078549e-02 4.86715554e-04 4.47204852e-02
  4.02338225e-04 1.65246579e-01 1.26623380e-01 1.68630341e-01
  1.98752921e-01 5.39094653e-01 1.68341708e-01 8.47457610e-01
  1.87776144e-01 3.89034060e-01 1.00000000e+00 1.00000000e+00]]

result of iteration 4
45.23809523809524


final average result:
56.66666666666667

Average Accuracy (%):
56.66666666666667 %
