train_data, group  0 length:  412
[[6.25000000e-01 4.28571429e-01 1.81818182e-01 ... 4.00000000e-01
  0.00000000e+00 7.61798247e-03]
 [8.75000000e-01 5.71428571e-01 6.36363636e-01 ... 2.55555556e-01
  0.00000000e+00 0.00000000e+00]
 [2.50000000e-01 5.71428571e-01 4.54545455e-01 ... 4.55555556e-01
  0.00000000e+00 0.00000000e+00]
 ...
 [6.25000000e-01 4.28571429e-01 7.27272727e-01 ... 2.00000000e-01
  0.00000000e+00 0.00000000e+00]
 [3.75000000e-01 2.85714286e-01 6.36363636e-01 ... 8.00000000e-01
  0.00000000e+00 7.24212533e-04]
 [1.25000000e-01 0.00000000e+00 6.36363636e-01 ... 4.55555556e-01
  0.00000000e+00 9.17641451e-03]]
KNN train data length 412
test_data, group  0 length: 103
[[0.375      0.28571429 0.18181818 ... 0.6        0.         0.        ]
 [0.375      0.28571429 0.72727273 ... 0.5        0.         0.04450699]
 [0.75       0.28571429 0.72727273 ... 0.6        0.         0.        ]
 ...
 [0.75       0.28571429 0.63636364 ... 0.8        0.15625    0.        ]
 [0.75       0.28571429 0.09090909 ... 0.65555556 0.         0.00913058]
 [0.625      0.14285714 0.72727273 ... 0.8        0.         0.        ]]

result of iteration 0
0.0012636697121845995

train_data, group  1 length:  412
[[3.75000000e-01 2.85714286e-01 1.81818182e-01 ... 6.00000000e-01
  0.00000000e+00 0.00000000e+00]
 [3.75000000e-01 2.85714286e-01 7.27272727e-01 ... 5.00000000e-01
  0.00000000e+00 4.45069854e-02]
 [7.50000000e-01 2.85714286e-01 7.27272727e-01 ... 6.00000000e-01
  0.00000000e+00 0.00000000e+00]
 ...
 [6.25000000e-01 4.28571429e-01 7.27272727e-01 ... 2.00000000e-01
  0.00000000e+00 0.00000000e+00]
 [3.75000000e-01 2.85714286e-01 6.36363636e-01 ... 8.00000000e-01
  0.00000000e+00 7.24212533e-04]
 [1.25000000e-01 0.00000000e+00 6.36363636e-01 ... 4.55555556e-01
  0.00000000e+00 9.17641451e-03]]
KNN train data length 412
test_data, group  1 length: 103
[[0.625      0.42857143 0.18181818 ... 0.4        0.         0.00761798]
 [0.875      0.57142857 0.63636364 ... 0.25555556 0.         0.        ]
 [0.25       0.57142857 0.45454545 ... 0.45555556 0.         0.        ]
 ...
 [0.625      0.42857143 0.72727273 ... 0.15555556 0.         0.        ]
 [0.875      0.57142857 0.63636364 ... 0.2        0.         0.00735213]
 [0.625      0.42857143 0.18181818 ... 0.6        0.         0.        ]]

result of iteration 1
0.009610419422134262

train_data, group  2 length:  412
[[3.75000000e-01 2.85714286e-01 1.81818182e-01 ... 6.00000000e-01
  0.00000000e+00 0.00000000e+00]
 [3.75000000e-01 2.85714286e-01 7.27272727e-01 ... 5.00000000e-01
  0.00000000e+00 4.45069854e-02]
 [7.50000000e-01 2.85714286e-01 7.27272727e-01 ... 6.00000000e-01
  0.00000000e+00 0.00000000e+00]
 ...
 [6.25000000e-01 4.28571429e-01 7.27272727e-01 ... 2.00000000e-01
  0.00000000e+00 0.00000000e+00]
 [3.75000000e-01 2.85714286e-01 6.36363636e-01 ... 8.00000000e-01
  0.00000000e+00 7.24212533e-04]
 [1.25000000e-01 0.00000000e+00 6.36363636e-01 ... 4.55555556e-01
  0.00000000e+00 9.17641451e-03]]
KNN train data length 412
test_data, group  2 length: 103
[[0.5        0.42857143 0.18181818 ... 0.55555556 0.         0.        ]
 [0.625      0.42857143 0.63636364 ... 0.25555556 0.         0.03716402]
 [0.25       0.28571429 0.72727273 ... 0.45555556 0.         0.        ]
 ...
 [0.75       0.28571429 0.54545455 ... 0.5        0.         0.25533534]
 [0.375      0.28571429 0.72727273 ... 0.25555556 0.         0.        ]
 [0.375      0.28571429 0.72727273 ... 0.1        0.         0.        ]]

result of iteration 2
0.006157259685951764

train_data, group  3 length:  412
[[3.75000000e-01 2.85714286e-01 1.81818182e-01 ... 6.00000000e-01
  0.00000000e+00 0.00000000e+00]
 [3.75000000e-01 2.85714286e-01 7.27272727e-01 ... 5.00000000e-01
  0.00000000e+00 4.45069854e-02]
 [7.50000000e-01 2.85714286e-01 7.27272727e-01 ... 6.00000000e-01
  0.00000000e+00 0.00000000e+00]
 ...
 [6.25000000e-01 4.28571429e-01 7.27272727e-01 ... 2.00000000e-01
  0.00000000e+00 0.00000000e+00]
 [3.75000000e-01 2.85714286e-01 6.36363636e-01 ... 8.00000000e-01
  0.00000000e+00 7.24212533e-04]
 [1.25000000e-01 0.00000000e+00 6.36363636e-01 ... 4.55555556e-01
  0.00000000e+00 9.17641451e-03]]
KNN train data length 412
test_data, group  3 length: 103
[[0.625      0.42857143 0.63636364 ... 0.4        0.         0.00082505]
 [0.625      0.28571429 0.27272727 ... 0.45555556 0.         0.        ]
 [0.625      0.28571429 0.72727273 ... 0.25555556 0.         0.09478017]
 ...
 [0.625      0.14285714 0.72727273 ... 0.5        0.         0.00559202]
 [0.25       0.42857143 0.18181818 ... 0.65555556 0.         0.        ]
 [0.125      0.42857143 0.54545455 ... 0.65555556 0.         0.        ]]

result of iteration 3
0.00123574813812558

train_data, group  4 length:  412
[[0.375      0.28571429 0.18181818 ... 0.6        0.         0.        ]
 [0.375      0.28571429 0.72727273 ... 0.5        0.         0.04450699]
 [0.75       0.28571429 0.72727273 ... 0.6        0.         0.        ]
 ...
 [0.625      0.14285714 0.72727273 ... 0.5        0.         0.00559202]
 [0.25       0.42857143 0.18181818 ... 0.65555556 0.         0.        ]
 [0.125      0.42857143 0.54545455 ... 0.65555556 0.         0.        ]]
KNN train data length 412
test_data, group  4 length: 103
[[3.75000000e-01 1.42857143e-01 1.81818182e-01 ... 6.00000000e-01
  0.00000000e+00 3.37813061e-02]
 [6.25000000e-01 1.42857143e-01 9.09090909e-02 ... 2.55555556e-01
  0.00000000e+00 0.00000000e+00]
 [0.00000000e+00 0.00000000e+00 6.36363636e-01 ... 4.55555556e-01
  0.00000000e+00 5.04198599e-04]
 ...
 [6.25000000e-01 4.28571429e-01 7.27272727e-01 ... 2.00000000e-01
  0.00000000e+00 0.00000000e+00]
 [3.75000000e-01 2.85714286e-01 6.36363636e-01 ... 8.00000000e-01
  0.00000000e+00 7.24212533e-04]
 [1.25000000e-01 0.00000000e+00 6.36363636e-01 ... 4.55555556e-01
  0.00000000e+00 9.17641451e-03]]

result of iteration 4
0.000592359593491259


final average result:
0.0037718913103774927

Average Mean Squared Error:
0.0037718913103774927
