train_data, group  0 length:  412
[[ 1.    2.    9.   ...  0.9   0.    0.  ]
 [ 2.    5.    7.   ...  1.8   0.    0.  ]
 [ 8.    6.    8.   ...  3.1   0.   32.07]
 ...
 [ 7.    4.    9.   ...  4.5   0.   37.71]
 [ 1.    4.    8.   ...  4.9   0.    4.53]
 [ 6.    5.    8.   ...  4.    0.    0.9 ]]
KNN train data length 412
test_data, group  0 length: 103
[[6.   4.   9.   ... 2.7  0.   0.  ]
 [6.   5.   8.   ... 4.5  0.   2.51]
 [2.   2.   3.   ... 5.8  0.   0.  ]
 ...
 [2.   5.   8.   ... 4.   0.   0.  ]
 [4.   4.   8.   ... 2.7  0.   4.4 ]
 [3.   4.   9.   ... 3.1  0.   0.  ]]

result of iteration 0
6312.625077454153

train_data, group  1 length:  412
[[ 6.    4.    9.   ...  2.7   0.    0.  ]
 [ 6.    5.    8.   ...  4.5   0.    2.51]
 [ 2.    2.    3.   ...  5.8   0.    0.  ]
 ...
 [ 7.    4.    9.   ...  4.5   0.   37.71]
 [ 1.    4.    8.   ...  4.9   0.    4.53]
 [ 6.    5.    8.   ...  4.    0.    0.9 ]]
KNN train data length 412
test_data, group  1 length: 103
[[ 1.    2.    9.   ...  0.9   0.    0.  ]
 [ 2.    5.    7.   ...  1.8   0.    0.  ]
 [ 8.    6.    8.   ...  3.1   0.   32.07]
 ...
 [ 4.    5.    2.   ...  4.    0.    0.  ]
 [ 7.    4.    9.   ...  5.8   0.    0.  ]
 [ 6.    5.    9.   ...  3.1   0.   20.03]]

result of iteration 1
5841.748523516719

train_data, group  2 length:  412
[[ 6.    4.    9.   ...  2.7   0.    0.  ]
 [ 6.    5.    8.   ...  4.5   0.    2.51]
 [ 2.    2.    3.   ...  5.8   0.    0.  ]
 ...
 [ 7.    4.    9.   ...  4.5   0.   37.71]
 [ 1.    4.    8.   ...  4.9   0.    4.53]
 [ 6.    5.    8.   ...  4.    0.    0.9 ]]
KNN train data length 412
test_data, group  2 length: 103
[[ 8.    6.   10.   ...  2.7   0.   13.7 ]
 [ 3.    4.    8.   ...  2.2   0.   14.68]
 [ 3.    4.    9.   ...  3.6   0.    5.18]
 ...
 [ 3.    4.    9.   ...  2.7   0.    0.  ]
 [ 1.    2.    8.   ...  2.2   0.    0.  ]
 [ 3.    4.    9.   ...  5.4   0.    0.  ]]

result of iteration 2
12717.486477993529

train_data, group  3 length:  412
[[ 6.    4.    9.   ...  2.7   0.    0.  ]
 [ 6.    5.    8.   ...  4.5   0.    2.51]
 [ 2.    2.    3.   ...  5.8   0.    0.  ]
 ...
 [ 7.    4.    9.   ...  4.5   0.   37.71]
 [ 1.    4.    8.   ...  4.9   0.    4.53]
 [ 6.    5.    8.   ...  4.    0.    0.9 ]]
KNN train data length 412
test_data, group  3 length: 103
[[ 3.    4.    7.   ...  1.8   0.    1.43]
 [ 2.    4.    9.   ...  1.8   0.    0.  ]
 [ 5.    4.    8.   ...  3.6   0.   16.4 ]
 ...
 [ 3.    5.    8.   ...  5.8   0.    0.  ]
 [ 6.    5.    3.   ...  4.9   0.    0.  ]
 [ 3.    4.    8.   ...  5.4   0.    0.  ]]

result of iteration 3
792.5867637540456

train_data, group  4 length:  412
[[6.   4.   9.   ... 2.7  0.   0.  ]
 [6.   5.   8.   ... 4.5  0.   2.51]
 [2.   2.   3.   ... 5.8  0.   0.  ]
 ...
 [3.   5.   8.   ... 5.8  0.   0.  ]
 [6.   5.   3.   ... 4.9  0.   0.  ]
 [3.   4.   8.   ... 5.4  0.   0.  ]]
KNN train data length 412
test_data, group  4 length: 103
[[ 1.    3.    9.   ...  4.    0.   70.76]
 [ 6.    5.    3.   ...  4.    0.    8.31]
 [ 6.    5.    3.   ...  5.8   0.    0.  ]
 ...
 [ 7.    4.    9.   ...  4.5   0.   37.71]
 [ 1.    4.    8.   ...  4.9   0.    4.53]
 [ 6.    5.    8.   ...  4.    0.    0.9 ]]

result of iteration 4
3088.7460067961156


final average result:
5750.638569902912

Average Mean Squared Error:
5750.638569902912
