3.370786516853931936e-01,3.452380952380952328e-01,0.000000000000000000e+00,0.000000000000000000e+00,4.090909090909091161e-01,1.855670103092783851e-01,3.232323232323232598e-01,0.000000000000000000e+00
7.303370786516854007e-01,4.642857142857143016e-01,0.000000000000000000e+00,0.000000000000000000e+00,3.863636363636364091e-01,3.505154639175258047e-01,2.828282828282828731e-01,0.000000000000000000e+00
3.707865168539326572e-01,3.690476190476191243e-01,0.000000000000000000e+00,0.000000000000000000e+00,6.022727272727272929e-01,1.546391752577319645e-01,2.929292929292928727e-01,0.000000000000000000e+00
4.831460674157304069e-01,1.904761904761904656e-01,0.000000000000000000e+00,0.000000000000000000e+00,3.750000000000000555e-01,4.329896907216496116e-01,5.252525252525251931e-01,0.000000000000000000e+00
5.393258426966290875e-01,3.095238095238095344e-01,0.000000000000000000e+00,0.000000000000000000e+00,5.113636363636364646e-01,2.268041237113402053e-01,3.535353535353535359e-01,0.000000000000000000e+00
3.820224719101124045e-01,1.428571428571428770e-01,0.000000000000000000e+00,0.000000000000000000e+00,4.659090909090908839e-01,3.298969072164948391e-01,4.444444444444444753e-01,0.000000000000000000e+00
5.617977528089888040e-01,3.928571428571429047e-01,0.000000000000000000e+00,0.000000000000000000e+00,5.568181818181817677e-01,4.432989690721649834e-01,5.353535353535353591e-01,0.000000000000000000e+00
3.595505617977528545e-01,2.023809523809523836e-01,0.000000000000000000e+00,0.000000000000000000e+00,6.818181818181818787e-01,3.092783505154639290e-02,2.020202020202020443e-01,0.000000000000000000e+00
3.033707865168539519e-01,1.666666666666667129e-01,0.000000000000000000e+00,0.000000000000000000e+00,8.068181818181817677e-01,2.577319587628866815e-01,3.939393939393939781e-01,0.000000000000000000e+00
4.494382022471911098e-01,2.976190476190476164e-01,0.000000000000000000e+00,0.000000000000000000e+00,6.250000000000001110e-01,1.958762886597938402e-01,3.333333333333334259e-01,0.000000000000000000e+00
3.370786516853931936e-01,2.500000000000000000e-01,0.000000000000000000e+00,0.000000000000000000e+00,4.886363636363635909e-01,1.546391752577319645e-01,3.030303030303030387e-01,0.000000000000000000e+00
3.932584269662921517e-01,2.142857142857143016e-01,0.000000000000000000e+00,0.000000000000000000e+00,5.227272727272728181e-01,2.783505154639175361e-01,2.727272727272728181e-01,0.000000000000000000e+00
3.146067415730337546e-01,2.023809523809523836e-01,0.000000000000000000e+00,0.000000000000000000e+00,5.113636363636364646e-01,1.958762886597938402e-01,3.333333333333334259e-01,0.000000000000000000e+00
1.910112359550562022e-01,2.738095238095237804e-01,0.000000000000000000e+00,0.000000000000000000e+00,6.022727272727272929e-01,2.783505154639175361e-01,3.939393939393939781e-01,0.000000000000000000e+00
3.820224719101124045e-01,3.571428571428572063e-01,0.000000000000000000e+00,0.000000000000000000e+00,5.909090909090908283e-01,3.298969072164948391e-01,4.444444444444444753e-01,0.000000000000000000e+00
3.370786516853931936e-01,0.000000000000000000e+00,0.000000000000000000e+00,0.000000000000000000e+00,6.363636363636364646e-01,8.247422680412370977e-02,2.323232323232323482e-01,0.000000000000000000e+00
4.831460674157304069e-01,2.500000000000000000e-01,0.000000000000000000e+00,0.000000000000000000e+00,6.022727272727272929e-01,3.298969072164948391e-01,4.444444444444444753e-01,0.000000000000000000e+00
4.494382022471911098e-01,1.547619047619047672e-01,0.000000000000000000e+00,0.000000000000000000e+00,4.772727272727274039e-01,3.298969072164948391e-01,4.444444444444444753e-01,0.000000000000000000e+00
7.865168539325843866e-02,2.857142857142857539e-01,0.000000000000000000e+00,0.000000000000000000e+00,6.136363636363637575e-01,3.298969072164948391e-01,4.444444444444444753e-01,0.000000000000000000e+00
3.258426966292135019e-01,1.428571428571428770e-01,0.000000000000000000e+00,0.000000000000000000e+00,5.000000000000000000e-01,2.061855670103092675e-01,3.434343434343434809e-01,0.000000000000000000e+00
2.808988764044944020e-01,3.809523809523808757e-01,0.000000000000000000e+00,0.000000000000000000e+00,5.000000000000000000e-01,1.443298969072165094e-01,2.929292929292928727e-01,0.000000000000000000e+00
2.696629213483145437e-01,2.261904761904761363e-01,0.000000000000000000e+00,0.000000000000000000e+00,3.522727272727272929e-01,1.649484536082474195e-01,3.131313131313131493e-01,0.000000000000000000e+00
4.494382022471911098e-01,2.261904761904761363e-01,0.000000000000000000e+00,0.000000000000000000e+00,5.113636363636364646e-01,3.092783505154639845e-01,4.242424242424242542e-01,0.000000000000000000e+00
6.067415730337079038e-01,3.690476190476191243e-01,0.000000000000000000e+00,0.000000000000000000e+00,3.181818181818182323e-01,3.092783505154639845e-01,4.242424242424242542e-01,0.000000000000000000e+00
2.808988764044944020e-01,2.500000000000000000e-01,0.000000000000000000e+00,0.000000000000000000e+00,4.886363636363635909e-01,2.371134020618556881e-01,3.636363636363636465e-01,0.000000000000000000e+00
5.842696629213484094e-01,2.380952380952381098e-01,0.000000000000000000e+00,0.000000000000000000e+00,4.659090909090908839e-01,2.577319587628866815e-01,3.838383838383839231e-01,0.000000000000000000e+00
3.370786516853931936e-01,2.500000000000000000e-01,0.000000000000000000e+00,0.000000000000000000e+00,6.704545454545455252e-01,3.917525773195876249e-01,4.949494949494949725e-01,0.000000000000000000e+00
4.831460674157304069e-01,2.857142857142857539e-01,0.000000000000000000e+00,0.000000000000000000e+00,4.431818181818182323e-01,2.577319587628866815e-01,3.939393939393939781e-01,0.000000000000000000e+00
2.471910112359551048e-01,2.380952380952381098e-01,0.000000000000000000e+00,0.000000000000000000e+00,3.977272727272728736e-01,3.711340206185568258e-01,4.747474747474748069e-01,0.000000000000000000e+00
6.629213483146068064e-01,4.761904761904762196e-01,0.000000000000000000e+00,0.000000000000000000e+00,6.250000000000001110e-01,7.938144329896910101e-01,8.282828282828281763e-01,1.428571428571428770e-01
4.157303370786516461e-01,3.690476190476191243e-01,0.000000000000000000e+00,0.000000000000000000e+00,4.431818181818182323e-01,7.525773195876288568e-01,7.979797979797980112e-01,1.428571428571428770e-01
3.707865168539326572e-01,2.500000000000000000e-01,0.000000000000000000e+00,0.000000000000000000e+00,5.227272727272728181e-01,6.391752577319588235e-01,6.969696969696969058e-01,1.428571428571428770e-01
6.516853932584270037e-01,4.642857142857143016e-01,0.000000000000000000e+00,0.000000000000000000e+00,6.477272727272727071e-01,6.907216494845360710e-01,7.474747474747475140e-01,1.428571428571428770e-01
1.797752808988764273e-01,4.166666666666665741e-01,0.000000000000000000e+00,0.000000000000000000e+00,3.750000000000000555e-01,3.711340206185568258e-01,4.848484848484849175e-01,1.428571428571428770e-01
0.000000000000000000e+00,4.166666666666665741e-01,0.000000000000000000e+00,0.000000000000000000e+00,3.977272727272728736e-01,6.597938144329896781e-01,4.444444444444444753e-01,1.428571428571428770e-01
7.640449438202248089e-01,4.166666666666665741e-01,0.000000000000000000e+00,0.000000000000000000e+00,8.068181818181817677e-01,7.422680412371135406e-01,7.878787878787878451e-01,1.428571428571428770e-01
3.483146067415730518e-01,3.333333333333334259e-01,0.000000000000000000e+00,0.000000000000000000e+00,5.681818181818182323e-01,7.835051546391753607e-01,8.282828282828281763e-01,1.428571428571428770e-01
6.067415730337079038e-01,3.928571428571429047e-01,0.000000000000000000e+00,0.000000000000000000e+00,4.545454545454545858e-01,8.659793814432991121e-01,8.888888888888889506e-01,1.428571428571428770e-01
1.348314606741572719e-01,6.071428571428572063e-01,0.000000000000000000e+00,0.000000000000000000e+00,8.409090909090908283e-01,5.670103092783504994e-01,6.363636363636364646e-01,1.428571428571428770e-01
4.831460674157304069e-01,2.857142857142857539e-01,0.000000000000000000e+00,0.000000000000000000e+00,6.590909090909090606e-01,7.422680412371135406e-01,7.878787878787878451e-01,1.428571428571428770e-01
6.741573033707863594e-02,5.357142857142856984e-01,0.000000000000000000e+00,0.000000000000000000e+00,5.568181818181817677e-01,9.175257731958763596e-01,3.737373737373737570e-01,1.428571428571428770e-01
6.741573033707863871e-01,5.357142857142856984e-01,0.000000000000000000e+00,0.000000000000000000e+00,6.136363636363637575e-01,6.597938144329896781e-01,7.171717171717171269e-01,1.428571428571428770e-01
3.707865168539326572e-01,3.452380952380952328e-01,0.000000000000000000e+00,0.000000000000000000e+00,5.113636363636364646e-01,8.762886597938145394e-01,8.989898989898990056e-01,1.428571428571428770e-01
7.078651685393260173e-01,4.047619047619047672e-01,0.000000000000000000e+00,0.000000000000000000e+00,6.704545454545455252e-01,8.453608247422681465e-01,8.686868686868686185e-01,1.428571428571428770e-01
9.325842696629214057e-01,2.500000000000000000e-01,0.000000000000000000e+00,0.000000000000000000e+00,6.931818181818182323e-01,7.010309278350516093e-01,7.474747474747475140e-01,1.428571428571428770e-01
5.280898876404492848e-01,3.571428571428572063e-01,0.000000000000000000e+00,0.000000000000000000e+00,7.045454545454545858e-01,7.319587628865981133e-01,7.777777777777779011e-01,5.714285714285712858e-01
5.505617977528090012e-01,5.357142857142856984e-01,1.000000000000000000e+00,0.000000000000000000e+00,6.363636363636364646e-01,7.010309278350516093e-01,7.474747474747475140e-01,5.714285714285712858e-01
8.876404494382021948e-01,4.523809523809523836e-01,0.000000000000000000e+00,0.000000000000000000e+00,5.681818181818182323e-01,6.494845360824743619e-01,6.868686868686869618e-01,5.714285714285712858e-01
6.516853932584270037e-01,5.238095238095238360e-01,0.000000000000000000e+00,0.000000000000000000e+00,6.704545454545455252e-01,7.216494845360825749e-01,7.676767676767677351e-01,5.714285714285712858e-01
8.876404494382021948e-01,2.380952380952381098e-01,0.000000000000000000e+00,0.000000000000000000e+00,5.227272727272728181e-01,8.144329896907215316e-01,7.070707070707070718e-01,5.714285714285712858e-01
7.415730337078653145e-01,3.809523809523808757e-01,0.000000000000000000e+00,0.000000000000000000e+00,6.136363636363637575e-01,6.907216494845360710e-01,7.474747474747475140e-01,5.714285714285712858e-01
9.101123595505620223e-01,3.333333333333334259e-01,0.000000000000000000e+00,0.000000000000000000e+00,4.772727272727274039e-01,6.597938144329896781e-01,6.868686868686869618e-01,5.714285714285712858e-01
7.640449438202248089e-01,5.595238095238095344e-01,0.000000000000000000e+00,0.000000000000000000e+00,8.295454545454546968e-01,3.814432989690722531e-01,3.030303030303030387e-01,7.142857142857141906e-01
7.640449438202248089e-01,7.142857142857143016e-01,0.000000000000000000e+00,0.000000000000000000e+00,9.545454545454543638e-01,4.329896907216496116e-01,2.727272727272728181e-01,7.142857142857141906e-01
8.314606741573032922e-01,8.809523809523809312e-01,0.000000000000000000e+00,0.000000000000000000e+00,6.477272727272727071e-01,5.154639175257732520e-01,2.929292929292928727e-01,7.142857142857141906e-01
7.078651685393260173e-01,6.309523809523809312e-01,0.000000000000000000e+00,0.000000000000000000e+00,7.386363636363636465e-01,3.917525773195876249e-01,2.828282828282828731e-01,7.142857142857141906e-01
7.415730337078653145e-01,3.928571428571429047e-01,1.000000000000000000e+00,0.000000000000000000e+00,6.136363636363637575e-01,5.463917525773196449e-01,3.636363636363636465e-01,8.571428571428570953e-01
7.752808988764045006e-01,7.619047619047618625e-01,0.000000000000000000e+00,0.000000000000000000e+00,5.227272727272728181e-01,5.567010309278350721e-01,2.626262626262625965e-01,1.000000000000000000e+00
7.752808988764045006e-01,5.119047619047618625e-01,0.000000000000000000e+00,0.000000000000000000e+00,5.227272727272728181e-01,4.226804123711340733e-01,5.252525252525251931e-01,1.000000000000000000e+00
7.191011235955057090e-01,7.738095238095238360e-01,0.000000000000000000e+00,0.000000000000000000e+00,4.204545454545455252e-01,3.711340206185568258e-01,4.444444444444444753e-01,1.000000000000000000e+00
7.752808988764045006e-01,5.833333333333333703e-01,0.000000000000000000e+00,0.000000000000000000e+00,7.159090909090908283e-01,4.639175257731958935e-01,4.141414141414140881e-01,1.000000000000000000e+00
6.966292134831461036e-01,7.380952380952381375e-01,0.000000000000000000e+00,0.000000000000000000e+00,5.340909090909090606e-01,4.742268041237113763e-01,5.454545454545455252e-01,1.000000000000000000e+00
8.314606741573032922e-01,3.928571428571429047e-01,0.000000000000000000e+00,0.000000000000000000e+00,4.772727272727274039e-01,5.257731958762886793e-01,3.636363636363636465e-01,1.000000000000000000e+00
7.528089887640448952e-01,6.428571428571427937e-01,0.000000000000000000e+00,0.000000000000000000e+00,5.227272727272728181e-01,4.329896907216496116e-01,3.333333333333334259e-01,1.000000000000000000e+00
7.977528089887642171e-01,6.547619047619047672e-01,0.000000000000000000e+00,0.000000000000000000e+00,4.545454545454545858e-01,5.257731958762886793e-01,3.939393939393939781e-01,1.000000000000000000e+00
3.595505617977528545e-01,2.738095238095237804e-01,0.000000000000000000e+00,0.000000000000000000e+00,6.022727272727272929e-01,2.577319587628866815e-01,3.838383838383839231e-01,1.000000000000000000e+00
7.078651685393260173e-01,7.976190476190475609e-01,0.000000000000000000e+00,0.000000000000000000e+00,4.545454545454545858e-01,3.711340206185568258e-01,1.919191919191919615e-01,1.000000000000000000e+00
