5.505617977528090012e-01,1.547619047619047672e-01,0.000000000000000000e+00,0.000000000000000000e+00,6.363636363636364646e-01,2.164948453608247780e-01,3.535353535353535359e-01,0.000000000000000000e+00
6.404494382022472010e-01,4.523809523809523836e-01,0.000000000000000000e+00,0.000000000000000000e+00,4.204545454545455252e-01,2.577319587628866815e-01,3.333333333333334259e-01,0.000000000000000000e+00
4.269662921348315043e-01,1.190476190476190688e-01,0.000000000000000000e+00,0.000000000000000000e+00,6.136363636363637575e-01,1.340206185567010266e-01,2.828282828282828731e-01,0.000000000000000000e+00
4.269662921348315043e-01,2.857142857142857539e-01,0.000000000000000000e+00,0.000000000000000000e+00,7.159090909090908283e-01,2.268041237113402053e-01,3.535353535353535359e-01,0.000000000000000000e+00
4.719101123595506042e-01,1.666666666666667129e-01,0.000000000000000000e+00,0.000000000000000000e+00,5.454545454545455252e-01,2.371134020618556881e-01,3.636363636363636465e-01,0.000000000000000000e+00
5.955056179775282121e-01,3.095238095238095344e-01,0.000000000000000000e+00,0.000000000000000000e+00,1.818181818181818232e-01,2.680412371134020533e-01,3.939393939393939781e-01,0.000000000000000000e+00
4.494382022471911098e-01,3.571428571428572063e-01,0.000000000000000000e+00,0.000000000000000000e+00,5.909090909090908283e-01,4.742268041237113763e-01,5.656565656565657463e-01,0.000000000000000000e+00
5.505617977528090012e-01,3.214285714285713969e-01,0.000000000000000000e+00,0.000000000000000000e+00,5.568181818181817677e-01,2.783505154639175361e-01,4.040404040404040886e-01,0.000000000000000000e+00
3.370786516853931936e-01,3.333333333333334259e-01,0.000000000000000000e+00,0.000000000000000000e+00,5.568181818181817677e-01,1.958762886597938402e-01,3.333333333333334259e-01,0.000000000000000000e+00
2.921348314606742047e-01,2.857142857142857539e-01,0.000000000000000000e+00,0.000000000000000000e+00,4.090909090909091161e-01,2.371134020618556881e-01,3.737373737373737570e-01,0.000000000000000000e+00
1.797752808988764273e-01,3.214285714285713969e-01,0.000000000000000000e+00,0.000000000000000000e+00,6.136363636363637575e-01,2.474226804123711987e-01,3.737373737373737570e-01,0.000000000000000000e+00
3.820224719101124045e-01,2.261904761904761363e-01,0.000000000000000000e+00,0.000000000000000000e+00,5.795454545454545858e-01,4.742268041237113763e-01,5.656565656565657463e-01,0.000000000000000000e+00
3.820224719101124045e-01,3.095238095238095344e-01,0.000000000000000000e+00,0.000000000000000000e+00,4.659090909090908839e-01,3.195876288659794673e-01,4.343434343434343647e-01,0.000000000000000000e+00
2.696629213483145437e-01,2.976190476190476164e-01,0.000000000000000000e+00,0.000000000000000000e+00,5.568181818181817677e-01,2.061855670103092675e-01,3.434343434343434809e-01,0.000000000000000000e+00
4.157303370786516461e-01,4.047619047619047672e-01,0.000000000000000000e+00,0.000000000000000000e+00,4.772727272727274039e-01,3.402061855670103219e-01,4.545454545454545858e-01,0.000000000000000000e+00
5.730337078651687177e-01,4.523809523809523836e-01,0.000000000000000000e+00,0.000000000000000000e+00,4.659090909090908839e-01,3.195876288659794673e-01,4.343434343434343647e-01,0.000000000000000000e+00
2.808988764044944020e-01,2.857142857142857539e-01,0.000000000000000000e+00,0.000000000000000000e+00,5.340909090909090606e-01,3.092783505154639845e-01,4.242424242424242542e-01,0.000000000000000000e+00
6.292134831460675093e-01,4.166666666666665741e-01,0.000000000000000000e+00,0.000000000000000000e+00,3.863636363636364091e-01,3.505154639175258047e-01,4.646464646464646964e-01,0.000000000000000000e+00
3.820224719101124045e-01,3.452380952380952328e-01,0.000000000000000000e+00,0.000000000000000000e+00,4.318181818181818232e-01,2.164948453608247780e-01,3.535353535353535359e-01,0.000000000000000000e+00
7.528089887640448952e-01,2.738095238095237804e-01,0.000000000000000000e+00,0.000000000000000000e+00,4.090909090909091161e-01,3.608247422680412875e-01,4.646464646464646964e-01,0.000000000000000000e+00
4.719101123595506042e-01,9.523809523809523281e-02,0.000000000000000000e+00,0.000000000000000000e+00,6.477272727272727071e-01,2.474226804123711987e-01,3.737373737373737570e-01,0.000000000000000000e+00
2.808988764044944020e-01,2.857142857142857539e-01,0.000000000000000000e+00,0.000000000000000000e+00,5.227272727272728181e-01,4.226804123711340733e-01,5.252525252525251931e-01,0.000000000000000000e+00
5.730337078651687177e-01,2.500000000000000000e-01,0.000000000000000000e+00,0.000000000000000000e+00,3.977272727272728736e-01,3.402061855670103219e-01,4.545454545454545858e-01,0.000000000000000000e+00
4.044943820224719544e-01,2.976190476190476164e-01,0.000000000000000000e+00,0.000000000000000000e+00,5.454545454545455252e-01,4.536082474226804107e-01,5.454545454545455252e-01,0.000000000000000000e+00
5.842696629213484094e-01,4.880952380952380265e-01,0.000000000000000000e+00,0.000000000000000000e+00,4.772727272727274039e-01,4.536082474226804107e-01,5.454545454545455252e-01,0.000000000000000000e+00
5.280898876404492848e-01,3.690476190476191243e-01,0.000000000000000000e+00,0.000000000000000000e+00,2.500000000000000000e-01,1.340206185567010266e-01,2.626262626262625965e-01,0.000000000000000000e+00
3.707865168539326572e-01,3.452380952380952328e-01,0.000000000000000000e+00,0.000000000000000000e+00,5.909090909090908283e-01,2.989690721649485017e-01,4.141414141414140881e-01,0.000000000000000000e+00
1.910112359550562022e-01,2.619047619047619180e-01,0.000000000000000000e+00,0.000000000000000000e+00,5.113636363636364646e-01,4.020618556701031077e-01,5.050505050505049720e-01,0.000000000000000000e+00
3.258426966292135019e-01,1.666666666666667129e-01,0.000000000000000000e+00,0.000000000000000000e+00,5.113636363636364646e-01,0.000000000000000000e+00,1.717171717171717404e-01,0.000000000000000000e+00
5.617977528089888040e-01,4.880952380952380265e-01,0.000000000000000000e+00,0.000000000000000000e+00,8.068181818181817677e-01,5.979381443298970034e-01,6.666666666666668517e-01,1.428571428571428770e-01
3.820224719101124045e-01,6.071428571428572063e-01,0.000000000000000000e+00,0.000000000000000000e+00,5.909090909090908283e-01,7.525773195876288568e-01,7.979797979797980112e-01,1.428571428571428770e-01
1.348314606741572719e-01,3.214285714285713969e-01,0.000000000000000000e+00,0.000000000000000000e+00,7.159090909090908283e-01,6.907216494845360710e-01,7.474747474747475140e-01,1.428571428571428770e-01
4.044943820224719544e-01,3.690476190476191243e-01,0.000000000000000000e+00,0.000000000000000000e+00,5.795454545454545858e-01,6.804123711340206437e-01,7.272727272727272929e-01,1.428571428571428770e-01
6.853932584269663009e-01,3.690476190476191243e-01,0.000000000000000000e+00,0.000000000000000000e+00,0.000000000000000000e+00,7.938144329896910101e-01,3.232323232323232598e-01,1.428571428571428770e-01
4.382022471910112515e-01,2.976190476190476164e-01,0.000000000000000000e+00,0.000000000000000000e+00,5.909090909090908283e-01,7.113402061855670366e-01,7.575757575757573470e-01,1.428571428571428770e-01
1.235955056179775524e-01,4.047619047619047672e-01,0.000000000000000000e+00,0.000000000000000000e+00,6.590909090909090606e-01,7.113402061855670366e-01,6.868686868686869618e-01,1.428571428571428770e-01
6.741573033707863871e-01,4.047619047619047672e-01,1.000000000000000000e+00,0.000000000000000000e+00,6.136363636363637575e-01,7.628865979381445062e-01,8.080808080808081773e-01,1.428571428571428770e-01
9.438202247191012084e-01,3.333333333333334259e-01,0.000000000000000000e+00,0.000000000000000000e+00,5.454545454545455252e-01,7.010309278350516093e-01,7.474747474747475140e-01,1.428571428571428770e-01
5.393258426966290875e-01,2.976190476190476164e-01,0.000000000000000000e+00,0.000000000000000000e+00,5.795454545454545858e-01,8.969072164948453940e-01,8.888888888888889506e-01,1.428571428571428770e-01
2.584269662921348520e-01,3.809523809523808757e-01,0.000000000000000000e+00,0.000000000000000000e+00,6.704545454545455252e-01,8.762886597938145394e-01,8.989898989898990056e-01,1.428571428571428770e-01
5.617977528089888040e-01,5.952380952380952328e-01,0.000000000000000000e+00,0.000000000000000000e+00,3.522727272727272929e-01,9.175257731958763596e-01,9.292929292929293927e-01,1.428571428571428770e-01
5.617977528089888040e-01,2.500000000000000000e-01,0.000000000000000000e+00,0.000000000000000000e+00,7.500000000000001110e-01,6.288659793814432852e-01,6.969696969696969058e-01,1.428571428571428770e-01
8.314606741573032922e-01,3.333333333333334259e-01,0.000000000000000000e+00,0.000000000000000000e+00,6.250000000000001110e-01,8.762886597938145394e-01,8.989898989898990056e-01,1.428571428571428770e-01
6.067415730337079038e-01,4.880952380952380265e-01,0.000000000000000000e+00,0.000000000000000000e+00,6.363636363636364646e-01,8.041237113402062153e-01,8.383838383838382313e-01,1.428571428571428770e-01
9.550561797752807891e-01,4.404761904761904656e-01,0.000000000000000000e+00,0.000000000000000000e+00,6.022727272727272929e-01,5.051546391752577136e-01,3.535353535353535359e-01,2.857142857142856429e-01
8.426966292134833170e-01,4.642857142857143016e-01,1.000000000000000000e+00,1.000000000000000000e+00,4.545454545454545858e-01,4.536082474226804107e-01,3.030303030303030387e-01,4.285714285714284921e-01
9.662921348314608139e-01,2.738095238095237804e-01,0.000000000000000000e+00,0.000000000000000000e+00,6.704545454545455252e-01,8.865979381443299667e-01,9.090909090909091717e-01,5.714285714285712858e-01
7.865168539325843033e-01,4.404761904761904656e-01,0.000000000000000000e+00,0.000000000000000000e+00,7.954545454545454142e-01,8.556701030927834628e-01,8.787878787878786735e-01,5.714285714285712858e-01
9.438202247191012084e-01,4.523809523809523836e-01,0.000000000000000000e+00,0.000000000000000000e+00,8.522727272727272929e-01,9.175257731958763596e-01,7.070707070707070718e-01,5.714285714285712858e-01
8.202247191011236005e-01,1.190476190476190688e-01,0.000000000000000000e+00,0.000000000000000000e+00,6.477272727272727071e-01,7.422680412371135406e-01,7.878787878787878451e-01,5.714285714285712858e-01
8.089887640449439088e-01,3.095238095238095344e-01,0.000000000000000000e+00,0.000000000000000000e+00,7.386363636363636465e-01,7.628865979381445062e-01,7.979797979797980112e-01,5.714285714285712858e-01
8.426966292134833170e-01,2.500000000000000000e-01,0.000000000000000000e+00,0.000000000000000000e+00,7.272727272727272929e-01,6.907216494845360710e-01,7.474747474747475140e-01,5.714285714285712858e-01
8.539325842696630087e-01,6.547619047619047672e-01,0.000000000000000000e+00,0.000000000000000000e+00,5.681818181818182323e-01,7.010309278350516093e-01,7.575757575757573470e-01,5.714285714285712858e-01
5.842696629213484094e-01,7.738095238095238360e-01,0.000000000000000000e+00,0.000000000000000000e+00,8.181818181818182323e-01,3.608247422680412875e-01,3.838383838383839231e-01,7.142857142857141906e-01
6.292134831460675093e-01,6.190476190476190688e-01,0.000000000000000000e+00,0.000000000000000000e+00,8.750000000000001110e-01,3.402061855670103219e-01,4.545454545454545858e-01,7.142857142857141906e-01
8.426966292134833170e-01,7.142857142857143016e-01,0.000000000000000000e+00,0.000000000000000000e+00,9.431818181818182323e-01,5.567010309278350721e-01,3.030303030303030387e-01,7.142857142857141906e-01
8.314606741573032922e-01,7.380952380952381375e-01,0.000000000000000000e+00,0.000000000000000000e+00,8.522727272727272929e-01,5.257731958762886793e-01,1.515151515151515194e-01,7.142857142857141906e-01
7.640449438202248089e-01,3.928571428571429047e-01,1.000000000000000000e+00,0.000000000000000000e+00,7.045454545454545858e-01,5.360824742268041065e-01,2.828282828282828731e-01,8.571428571428570953e-01
7.865168539325843033e-01,6.547619047619047672e-01,0.000000000000000000e+00,0.000000000000000000e+00,4.772727272727274039e-01,8.350515463917527192e-01,8.585858585858585634e-01,1.000000000000000000e+00
7.415730337078653145e-01,6.547619047619047672e-01,0.000000000000000000e+00,0.000000000000000000e+00,4.659090909090908839e-01,4.845360824742269146e-01,3.535353535353535359e-01,1.000000000000000000e+00
8.539325842696630087e-01,6.785714285714286031e-01,0.000000000000000000e+00,0.000000000000000000e+00,5.000000000000000000e-01,3.711340206185568258e-01,3.939393939393939781e-01,1.000000000000000000e+00
7.752808988764045006e-01,5.952380952380952328e-01,0.000000000000000000e+00,0.000000000000000000e+00,4.659090909090908839e-01,4.845360824742269146e-01,2.525252525252524860e-01,1.000000000000000000e+00
8.314606741573032922e-01,3.690476190476191243e-01,0.000000000000000000e+00,0.000000000000000000e+00,5.681818181818182323e-01,5.567010309278350721e-01,4.242424242424242542e-01,1.000000000000000000e+00
6.629213483146068064e-01,5.357142857142856984e-01,0.000000000000000000e+00,0.000000000000000000e+00,4.772727272727274039e-01,4.020618556701031077e-01,3.737373737373737570e-01,1.000000000000000000e+00
8.089887640449439088e-01,8.333333333333331483e-01,0.000000000000000000e+00,0.000000000000000000e+00,1.931818181818182045e-01,5.360824742268041065e-01,2.121212121212120993e-01,1.000000000000000000e+00
6.404494382022472010e-01,5.119047619047618625e-01,0.000000000000000000e+00,0.000000000000000000e+00,4.431818181818182323e-01,4.536082474226804107e-01,3.333333333333334259e-01,1.000000000000000000e+00
7.640449438202248089e-01,7.857142857142858094e-01,0.000000000000000000e+00,0.000000000000000000e+00,4.318181818181818232e-01,6.391752577319588235e-01,5.656565656565657463e-01,1.000000000000000000e+00
7.078651685393260173e-01,8.333333333333331483e-01,0.000000000000000000e+00,0.000000000000000000e+00,4.431818181818182323e-01,4.536082474226804107e-01,3.434343434343434809e-01,1.000000000000000000e+00
