3.483146067415730518e-01,3.690476190476191243e-01,0.000000000000000000e+00,0.000000000000000000e+00,3.295454545454545303e-01,2.577319587628866815e-01,3.939393939393939781e-01,0.000000000000000000e+00
4.606741573033708015e-01,3.214285714285713969e-01,0.000000000000000000e+00,0.000000000000000000e+00,5.681818181818182323e-01,2.164948453608247780e-01,2.525252525252524860e-01,0.000000000000000000e+00
2.696629213483145437e-01,2.142857142857143016e-01,0.000000000000000000e+00,0.000000000000000000e+00,4.318181818181818232e-01,2.783505154639175361e-01,4.040404040404040886e-01,0.000000000000000000e+00
4.494382022471911098e-01,3.095238095238095344e-01,0.000000000000000000e+00,0.000000000000000000e+00,4.204545454545455252e-01,2.474226804123711987e-01,2.727272727272728181e-01,0.000000000000000000e+00
4.606741573033708015e-01,3.809523809523808757e-01,0.000000000000000000e+00,0.000000000000000000e+00,5.795454545454545858e-01,4.226804123711340733e-01,5.151515151515152491e-01,0.000000000000000000e+00
3.258426966292135019e-01,3.690476190476191243e-01,0.000000000000000000e+00,0.000000000000000000e+00,4.659090909090908839e-01,2.061855670103092675e-01,3.434343434343434809e-01,0.000000000000000000e+00
5.842696629213484094e-01,3.333333333333334259e-01,0.000000000000000000e+00,0.000000000000000000e+00,4.204545454545455252e-01,3.402061855670103219e-01,4.242424242424242542e-01,0.000000000000000000e+00
4.157303370786516461e-01,3.333333333333334259e-01,0.000000000000000000e+00,0.000000000000000000e+00,4.772727272727274039e-01,3.711340206185568258e-01,4.747474747474748069e-01,0.000000000000000000e+00
1.910112359550562022e-01,4.285714285714286031e-01,0.000000000000000000e+00,0.000000000000000000e+00,5.568181818181817677e-01,3.505154639175258047e-01,4.646464646464646964e-01,0.000000000000000000e+00
2.471910112359551048e-01,2.142857142857143016e-01,0.000000000000000000e+00,0.000000000000000000e+00,4.772727272727274039e-01,2.680412371134020533e-01,3.939393939393939781e-01,0.000000000000000000e+00
5.280898876404492848e-01,1.428571428571428770e-01,0.000000000000000000e+00,0.000000000000000000e+00,6.363636363636364646e-01,1.752577319587629023e-01,2.525252525252524860e-01,0.000000000000000000e+00
4.269662921348315043e-01,1.666666666666667129e-01,0.000000000000000000e+00,0.000000000000000000e+00,4.886363636363635909e-01,2.680412371134020533e-01,3.939393939393939781e-01,0.000000000000000000e+00
5.730337078651687177e-01,3.928571428571429047e-01,0.000000000000000000e+00,0.000000000000000000e+00,6.022727272727272929e-01,1.134020618556701443e-01,2.626262626262625965e-01,0.000000000000000000e+00
4.494382022471910682e-02,1.785714285714286031e-01,0.000000000000000000e+00,0.000000000000000000e+00,4.659090909090908839e-01,2.680412371134020533e-01,3.939393939393939781e-01,0.000000000000000000e+00
2.921348314606742047e-01,1.190476190476190688e-01,0.000000000000000000e+00,0.000000000000000000e+00,3.863636363636364091e-01,2.268041237113402053e-01,3.535353535353535359e-01,0.000000000000000000e+00
4.044943820224719544e-01,2.738095238095237804e-01,0.000000000000000000e+00,0.000000000000000000e+00,5.454545454545455252e-01,1.958762886597938402e-01,2.323232323232323482e-01,0.000000000000000000e+00
4.831460674157304069e-01,2.738095238095237804e-01,0.000000000000000000e+00,0.000000000000000000e+00,5.340909090909090606e-01,2.886597938144330189e-01,4.141414141414140881e-01,0.000000000000000000e+00
2.359550561797753021e-01,4.166666666666665741e-01,0.000000000000000000e+00,0.000000000000000000e+00,5.681818181818182323e-01,2.989690721649485017e-01,4.141414141414140881e-01,0.000000000000000000e+00
6.292134831460675093e-01,2.857142857142857539e-01,0.000000000000000000e+00,0.000000000000000000e+00,5.568181818181817677e-01,3.505154639175258047e-01,4.646464646464646964e-01,0.000000000000000000e+00
2.359550561797753021e-01,2.142857142857143016e-01,0.000000000000000000e+00,0.000000000000000000e+00,5.795454545454545858e-01,2.577319587628866815e-01,3.939393939393939781e-01,0.000000000000000000e+00
4.382022471910112515e-01,1.904761904761904656e-01,0.000000000000000000e+00,0.000000000000000000e+00,5.227272727272728181e-01,2.164948453608247780e-01,3.535353535353535359e-01,0.000000000000000000e+00
4.044943820224719544e-01,4.523809523809523836e-01,0.000000000000000000e+00,0.000000000000000000e+00,4.659090909090908839e-01,3.608247422680412875e-01,4.646464646464646964e-01,0.000000000000000000e+00
4.943820224719102097e-01,2.142857142857143016e-01,0.000000000000000000e+00,0.000000000000000000e+00,3.409090909090909394e-01,3.092783505154639845e-01,4.343434343434343647e-01,0.000000000000000000e+00
2.022471910112359772e-01,1.666666666666667129e-01,0.000000000000000000e+00,0.000000000000000000e+00,5.227272727272728181e-01,2.164948453608247780e-01,3.535353535353535359e-01,0.000000000000000000e+00
3.932584269662921517e-01,3.809523809523808757e-01,0.000000000000000000e+00,0.000000000000000000e+00,6.363636363636364646e-01,3.814432989690722531e-01,4.848484848484849175e-01,0.000000000000000000e+00
3.146067415730337546e-01,2.619047619047619180e-01,0.000000000000000000e+00,0.000000000000000000e+00,5.681818181818182323e-01,3.092783505154639845e-01,4.242424242424242542e-01,0.000000000000000000e+00
4.494382022471911098e-01,4.047619047619047672e-01,0.000000000000000000e+00,0.000000000000000000e+00,5.113636363636364646e-01,3.711340206185568258e-01,4.747474747474748069e-01,0.000000000000000000e+00
4.719101123595506042e-01,2.261904761904761363e-01,0.000000000000000000e+00,0.000000000000000000e+00,6.590909090909090606e-01,1.237113402061855716e-01,2.727272727272728181e-01,0.000000000000000000e+00
4.943820224719102097e-01,2.261904761904761363e-01,0.000000000000000000e+00,0.000000000000000000e+00,6.250000000000001110e-01,5.360824742268041065e-01,6.161616161616161325e-01,0.000000000000000000e+00
5.730337078651687177e-01,2.857142857142857539e-01,0.000000000000000000e+00,0.000000000000000000e+00,6.477272727272727071e-01,6.082474226804124307e-01,6.767676767676769067e-01,1.428571428571428770e-01
6.741573033707863871e-01,3.571428571428572063e-01,0.000000000000000000e+00,0.000000000000000000e+00,5.113636363636364646e-01,8.041237113402062153e-01,8.383838383838382313e-01,1.428571428571428770e-01
6.853932584269663009e-01,4.285714285714286031e-01,0.000000000000000000e+00,0.000000000000000000e+00,6.136363636363637575e-01,6.597938144329896781e-01,5.252525252525251931e-01,1.428571428571428770e-01
4.606741573033708015e-01,4.166666666666665741e-01,0.000000000000000000e+00,0.000000000000000000e+00,6.022727272727272929e-01,7.422680412371135406e-01,7.878787878787878451e-01,1.428571428571428770e-01
7.977528089887642171e-01,4.285714285714286031e-01,0.000000000000000000e+00,0.000000000000000000e+00,7.272727272727272929e-01,1.000000000000000000e+00,1.000000000000000000e+00,1.428571428571428770e-01
4.044943820224719544e-01,3.452380952380952328e-01,0.000000000000000000e+00,0.000000000000000000e+00,4.318181818181818232e-01,7.835051546391753607e-01,1.717171717171717404e-01,1.428571428571428770e-01
3.483146067415730518e-01,2.380952380952381098e-01,0.000000000000000000e+00,0.000000000000000000e+00,6.590909090909090606e-01,9.381443298969072142e-01,9.494949494949496138e-01,1.428571428571428770e-01
5.842696629213484094e-01,4.523809523809523836e-01,0.000000000000000000e+00,0.000000000000000000e+00,7.045454545454545858e-01,7.525773195876288568e-01,7.979797979797980112e-01,1.428571428571428770e-01
5.393258426966290875e-01,3.452380952380952328e-01,0.000000000000000000e+00,0.000000000000000000e+00,6.818181818181818787e-01,7.731958762886598224e-01,8.080808080808081773e-01,1.428571428571428770e-01
6.179775280898877066e-01,3.690476190476191243e-01,0.000000000000000000e+00,0.000000000000000000e+00,6.477272727272727071e-01,7.731958762886598224e-01,8.080808080808081773e-01,1.428571428571428770e-01
3.820224719101124045e-01,3.928571428571429047e-01,0.000000000000000000e+00,0.000000000000000000e+00,6.590909090909090606e-01,8.453608247422681465e-01,8.080808080808081773e-01,1.428571428571428770e-01
3.033707865168539519e-01,2.261904761904761363e-01,0.000000000000000000e+00,0.000000000000000000e+00,5.795454545454545858e-01,7.628865979381445062e-01,7.979797979797980112e-01,1.428571428571428770e-01
7.415730337078653145e-01,4.404761904761904656e-01,0.000000000000000000e+00,0.000000000000000000e+00,6.704545454545455252e-01,6.494845360824743619e-01,6.666666666666668517e-01,1.428571428571428770e-01
8.089887640449439088e-01,3.571428571428572063e-01,0.000000000000000000e+00,0.000000000000000000e+00,5.795454545454545858e-01,6.494845360824743619e-01,7.070707070707070718e-01,1.428571428571428770e-01
7.865168539325843033e-01,2.857142857142857539e-01,0.000000000000000000e+00,0.000000000000000000e+00,6.363636363636364646e-01,8.556701030927834628e-01,8.383838383838382313e-01,1.428571428571428770e-01
3.820224719101124045e-01,4.166666666666665741e-01,0.000000000000000000e+00,0.000000000000000000e+00,7.613636363636364646e-01,8.969072164948453940e-01,9.090909090909091717e-01,1.428571428571428770e-01
9.101123595505620223e-01,4.404761904761904656e-01,0.000000000000000000e+00,0.000000000000000000e+00,6.477272727272727071e-01,8.659793814432991121e-01,8.888888888888889506e-01,5.714285714285712858e-01
7.191011235955057090e-01,3.452380952380952328e-01,0.000000000000000000e+00,0.000000000000000000e+00,7.613636363636364646e-01,5.979381443298970034e-01,6.666666666666668517e-01,5.714285714285712858e-01
7.078651685393260173e-01,4.166666666666665741e-01,0.000000000000000000e+00,0.000000000000000000e+00,7.272727272727272929e-01,7.113402061855670366e-01,7.676767676767677351e-01,5.714285714285712858e-01
6.966292134831461036e-01,3.095238095238095344e-01,0.000000000000000000e+00,0.000000000000000000e+00,6.590909090909090606e-01,7.835051546391753607e-01,8.181818181818182323e-01,5.714285714285712858e-01
8.876404494382021948e-01,2.976190476190476164e-01,0.000000000000000000e+00,0.000000000000000000e+00,7.500000000000001110e-01,8.041237113402062153e-01,8.383838383838382313e-01,5.714285714285712858e-01
7.752808988764045006e-01,3.214285714285713969e-01,0.000000000000000000e+00,0.000000000000000000e+00,6.704545454545455252e-01,7.319587628865981133e-01,7.777777777777779011e-01,5.714285714285712858e-01
9.438202247191012084e-01,3.928571428571429047e-01,0.000000000000000000e+00,0.000000000000000000e+00,6.250000000000001110e-01,7.731958762886598224e-01,7.474747474747475140e-01,5.714285714285712858e-01
7.303370786516854007e-01,4.166666666666665741e-01,0.000000000000000000e+00,0.000000000000000000e+00,7.500000000000001110e-01,5.257731958762886793e-01,3.333333333333334259e-01,7.142857142857141906e-01
7.977528089887642171e-01,6.547619047619047672e-01,0.000000000000000000e+00,0.000000000000000000e+00,7.727272727272728181e-01,4.123711340206185350e-01,3.636363636363636465e-01,7.142857142857141906e-01
8.651685393258429224e-01,4.880952380952380265e-01,0.000000000000000000e+00,0.000000000000000000e+00,1.000000000000000000e+00,5.154639175257732520e-01,2.020202020202020443e-01,7.142857142857141906e-01
6.853932584269663009e-01,7.023809523809523281e-01,0.000000000000000000e+00,0.000000000000000000e+00,5.795454545454545858e-01,3.092783505154639845e-01,3.333333333333334259e-01,7.142857142857141906e-01
7.977528089887642171e-01,3.571428571428572063e-01,1.000000000000000000e+00,0.000000000000000000e+00,5.909090909090908283e-01,5.773195876288660378e-01,3.030303030303030387e-01,8.571428571428570953e-01
7.752808988764045006e-01,6.071428571428572063e-01,0.000000000000000000e+00,0.000000000000000000e+00,3.409090909090909394e-01,3.711340206185568258e-01,2.424242424242424587e-01,1.000000000000000000e+00
7.078651685393260173e-01,7.619047619047618625e-01,0.000000000000000000e+00,0.000000000000000000e+00,5.227272727272728181e-01,2.886597938144330189e-01,2.929292929292928727e-01,1.000000000000000000e+00
6.853932584269663009e-01,5.238095238095238360e-01,0.000000000000000000e+00,0.000000000000000000e+00,5.000000000000000000e-01,3.711340206185568258e-01,3.838383838383839231e-01,1.000000000000000000e+00
6.292134831460675093e-01,4.523809523809523836e-01,0.000000000000000000e+00,0.000000000000000000e+00,4.886363636363635909e-01,3.505154639175258047e-01,3.030303030303030387e-01,1.000000000000000000e+00
7.977528089887642171e-01,4.880952380952380265e-01,0.000000000000000000e+00,0.000000000000000000e+00,5.454545454545455252e-01,3.298969072164948391e-01,3.232323232323232598e-01,1.000000000000000000e+00
7.977528089887642171e-01,8.333333333333331483e-01,0.000000000000000000e+00,0.000000000000000000e+00,4.545454545454545858e-01,5.257731958762886793e-01,3.232323232323232598e-01,1.000000000000000000e+00
8.202247191011236005e-01,7.380952380952381375e-01,0.000000000000000000e+00,0.000000000000000000e+00,6.590909090909090606e-01,4.948453608247422864e-01,3.131313131313131493e-01,1.000000000000000000e+00
7.078651685393260173e-01,1.000000000000000000e+00,0.000000000000000000e+00,0.000000000000000000e+00,3.977272727272728736e-01,4.948453608247422864e-01,4.949494949494949725e-01,1.000000000000000000e+00
7.191011235955057090e-01,6.666666666666665186e-01,0.000000000000000000e+00,0.000000000000000000e+00,5.568181818181817677e-01,4.020618556701031077e-01,1.919191919191919615e-01,1.000000000000000000e+00
8.314606741573032922e-01,7.857142857142858094e-01,0.000000000000000000e+00,0.000000000000000000e+00,5.568181818181817677e-01,4.742268041237113763e-01,4.141414141414140881e-01,1.000000000000000000e+00
8.314606741573032922e-01,6.904761904761904656e-01,0.000000000000000000e+00,0.000000000000000000e+00,3.522727272727272929e-01,5.154639175257732520e-01,5.252525252525251931e-01,1.000000000000000000e+00
