7.191011235955057090e-01,7.142857142857143016e-01,0.000000000000000000e+00,0.000000000000000000e+00,5.113636363636364646e-01,3.298969072164948391e-01,3.838383838383839231e-01,0.000000000000000000e+00
5.730337078651687177e-01,3.571428571428572063e-01,0.000000000000000000e+00,0.000000000000000000e+00,6.590909090909090606e-01,2.886597938144330189e-01,4.141414141414140881e-01,0.000000000000000000e+00
2.921348314606742047e-01,4.047619047619047672e-01,0.000000000000000000e+00,0.000000000000000000e+00,5.000000000000000000e-01,2.989690721649485017e-01,4.141414141414140881e-01,0.000000000000000000e+00
5.617977528089888040e-01,4.166666666666665741e-01,0.000000000000000000e+00,0.000000000000000000e+00,3.068181818181818787e-01,2.061855670103092675e-01,3.434343434343434809e-01,0.000000000000000000e+00
4.943820224719102097e-01,1.428571428571428770e-01,0.000000000000000000e+00,0.000000000000000000e+00,4.886363636363635909e-01,2.474226804123711987e-01,3.737373737373737570e-01,0.000000000000000000e+00
3.820224719101124045e-01,4.642857142857143016e-01,0.000000000000000000e+00,0.000000000000000000e+00,6.590909090909090606e-01,2.886597938144330189e-01,4.141414141414140881e-01,0.000000000000000000e+00
4.606741573033708015e-01,3.214285714285713969e-01,0.000000000000000000e+00,0.000000000000000000e+00,5.113636363636364646e-01,2.886597938144330189e-01,4.141414141414140881e-01,0.000000000000000000e+00
0.000000000000000000e+00,2.619047619047619180e-01,0.000000000000000000e+00,0.000000000000000000e+00,4.772727272727274039e-01,4.639175257731958935e-01,5.555555555555556912e-01,0.000000000000000000e+00
2.584269662921348520e-01,2.142857142857143016e-01,0.000000000000000000e+00,0.000000000000000000e+00,4.886363636363635909e-01,2.371134020618556881e-01,3.737373737373737570e-01,0.000000000000000000e+00
4.943820224719102097e-01,2.261904761904761363e-01,0.000000000000000000e+00,0.000000000000000000e+00,5.000000000000000000e-01,5.051546391752577136e-01,5.959595959595959114e-01,0.000000000000000000e+00
4.494382022471911098e-01,3.571428571428572063e-01,0.000000000000000000e+00,0.000000000000000000e+00,4.772727272727274039e-01,3.298969072164948391e-01,4.444444444444444753e-01,0.000000000000000000e+00
4.269662921348315043e-01,3.333333333333334259e-01,0.000000000000000000e+00,0.000000000000000000e+00,4.886363636363635909e-01,1.752577319587629023e-01,3.131313131313131493e-01,0.000000000000000000e+00
3.258426966292135019e-01,1.428571428571428770e-01,0.000000000000000000e+00,0.000000000000000000e+00,5.681818181818182323e-01,4.020618556701031077e-01,5.050505050505049720e-01,0.000000000000000000e+00
6.853932584269663009e-01,2.380952380952381098e-01,0.000000000000000000e+00,0.000000000000000000e+00,5.568181818181817677e-01,3.298969072164948391e-01,4.444444444444444753e-01,0.000000000000000000e+00
4.494382022471911098e-01,3.452380952380952328e-01,0.000000000000000000e+00,0.000000000000000000e+00,4.318181818181818232e-01,1.958762886597938402e-01,0.000000000000000000e+00,0.000000000000000000e+00
3.258426966292135019e-01,2.500000000000000000e-01,0.000000000000000000e+00,0.000000000000000000e+00,5.454545454545455252e-01,4.226804123711340733e-01,5.252525252525251931e-01,0.000000000000000000e+00
5.955056179775282121e-01,2.619047619047619180e-01,0.000000000000000000e+00,0.000000000000000000e+00,5.000000000000000000e-01,2.371134020618556881e-01,3.636363636363636465e-01,0.000000000000000000e+00
2.584269662921348520e-01,2.857142857142857539e-01,0.000000000000000000e+00,0.000000000000000000e+00,4.431818181818182323e-01,2.577319587628866815e-01,3.838383838383839231e-01,0.000000000000000000e+00
6.629213483146068064e-01,3.928571428571429047e-01,0.000000000000000000e+00,0.000000000000000000e+00,5.909090909090908283e-01,4.329896907216496116e-01,3.636363636363636465e-01,0.000000000000000000e+00
2.247191011235955271e-01,3.333333333333334259e-01,0.000000000000000000e+00,0.000000000000000000e+00,5.227272727272728181e-01,4.948453608247422864e-01,5.757575757575756903e-01,0.000000000000000000e+00
5.730337078651687177e-01,4.047619047619047672e-01,0.000000000000000000e+00,0.000000000000000000e+00,5.227272727272728181e-01,2.989690721649485017e-01,3.535353535353535359e-01,0.000000000000000000e+00
4.943820224719102097e-01,1.309523809523809867e-01,0.000000000000000000e+00,0.000000000000000000e+00,6.250000000000001110e-01,5.051546391752577136e-01,5.858585858585858563e-01,0.000000000000000000e+00
4.719101123595506042e-01,2.619047619047619180e-01,0.000000000000000000e+00,0.000000000000000000e+00,6.136363636363637575e-01,3.195876288659794673e-01,4.343434343434343647e-01,0.000000000000000000e+00
2.696629213483145437e-01,3.214285714285713969e-01,0.000000000000000000e+00,0.000000000000000000e+00,6.136363636363637575e-01,5.051546391752577136e-01,5.959595959595959114e-01,0.000000000000000000e+00
3.258426966292135019e-01,4.285714285714286031e-01,0.000000000000000000e+00,0.000000000000000000e+00,4.772727272727274039e-01,2.680412371134020533e-01,3.939393939393939781e-01,0.000000000000000000e+00
2.584269662921348520e-01,5.000000000000000000e-01,0.000000000000000000e+00,0.000000000000000000e+00,4.204545454545455252e-01,5.154639175257732520e-01,5.959595959595959114e-01,0.000000000000000000e+00
6.853932584269663009e-01,3.452380952380952328e-01,0.000000000000000000e+00,0.000000000000000000e+00,5.454545454545455252e-01,3.298969072164948391e-01,4.141414141414140881e-01,0.000000000000000000e+00
2.584269662921348520e-01,2.023809523809523836e-01,0.000000000000000000e+00,0.000000000000000000e+00,4.886363636363635909e-01,3.092783505154639845e-01,4.343434343434343647e-01,0.000000000000000000e+00
6.516853932584270037e-01,2.142857142857143016e-01,0.000000000000000000e+00,0.000000000000000000e+00,6.363636363636364646e-01,8.659793814432991121e-01,8.181818181818182323e-01,1.428571428571428770e-01
7.078651685393260173e-01,5.833333333333333703e-01,0.000000000000000000e+00,0.000000000000000000e+00,7.500000000000001110e-01,6.597938144329896781e-01,7.171717171717171269e-01,1.428571428571428770e-01
1.000000000000000000e+00,4.642857142857143016e-01,0.000000000000000000e+00,0.000000000000000000e+00,5.795454545454545858e-01,7.113402061855670366e-01,7.676767676767677351e-01,1.428571428571428770e-01
3.932584269662921517e-01,4.166666666666665741e-01,0.000000000000000000e+00,0.000000000000000000e+00,6.931818181818182323e-01,7.010309278350516093e-01,7.474747474747475140e-01,1.428571428571428770e-01
1.123595505617977636e-01,3.928571428571429047e-01,0.000000000000000000e+00,0.000000000000000000e+00,4.659090909090908839e-01,6.597938144329896781e-01,2.121212121212120993e-01,1.428571428571428770e-01
7.752808988764045006e-01,2.738095238095237804e-01,0.000000000000000000e+00,0.000000000000000000e+00,6.477272727272727071e-01,7.525773195876288568e-01,7.979797979797980112e-01,1.428571428571428770e-01
6.853932584269663009e-01,5.952380952380952328e-01,0.000000000000000000e+00,0.000000000000000000e+00,5.227272727272728181e-01,8.659793814432991121e-01,8.888888888888889506e-01,1.428571428571428770e-01
7.078651685393260173e-01,4.523809523809523836e-01,0.000000000000000000e+00,0.000000000000000000e+00,7.386363636363636465e-01,7.835051546391753607e-01,8.181818181818182323e-01,1.428571428571428770e-01
4.494382022471911098e-01,4.047619047619047672e-01,0.000000000000000000e+00,0.000000000000000000e+00,7.386363636363636465e-01,8.144329896907215316e-01,8.484848484848485084e-01,1.428571428571428770e-01
5.168539325842697041e-01,5.357142857142856984e-01,0.000000000000000000e+00,0.000000000000000000e+00,5.454545454545455252e-01,8.556701030927834628e-01,8.787878787878786735e-01,1.428571428571428770e-01
4.943820224719102097e-01,4.285714285714286031e-01,0.000000000000000000e+00,0.000000000000000000e+00,4.886363636363635909e-01,4.536082474226804107e-01,5.454545454545455252e-01,1.428571428571428770e-01
5.280898876404492848e-01,4.642857142857143016e-01,0.000000000000000000e+00,0.000000000000000000e+00,6.590909090909090606e-01,7.010309278350516093e-01,7.575757575757573470e-01,1.428571428571428770e-01
5.056179775280899014e-01,2.857142857142857539e-01,0.000000000000000000e+00,0.000000000000000000e+00,6.931818181818182323e-01,7.319587628865981133e-01,7.777777777777779011e-01,1.428571428571428770e-01
5.505617977528090012e-01,3.095238095238095344e-01,0.000000000000000000e+00,0.000000000000000000e+00,6.022727272727272929e-01,7.835051546391753607e-01,8.181818181818182323e-01,1.428571428571428770e-01
3.707865168539326572e-01,4.761904761904762196e-01,0.000000000000000000e+00,0.000000000000000000e+00,3.750000000000000555e-01,7.731958762886598224e-01,8.080808080808081773e-01,1.428571428571428770e-01
7.078651685393260173e-01,3.928571428571429047e-01,0.000000000000000000e+00,0.000000000000000000e+00,6.136363636363637575e-01,7.525773195876288568e-01,7.979797979797980112e-01,2.857142857142856429e-01
7.865168539325843033e-01,2.738095238095237804e-01,1.000000000000000000e+00,0.000000000000000000e+00,5.795454545454545858e-01,8.144329896907215316e-01,8.484848484848485084e-01,4.285714285714284921e-01
9.775280898876403946e-01,3.928571428571429047e-01,0.000000000000000000e+00,0.000000000000000000e+00,6.931818181818182323e-01,7.525773195876288568e-01,7.979797979797980112e-01,5.714285714285712858e-01
9.101123595505620223e-01,4.285714285714286031e-01,0.000000000000000000e+00,0.000000000000000000e+00,6.477272727272727071e-01,7.731958762886598224e-01,8.080808080808081773e-01,5.714285714285712858e-01
9.662921348314608139e-01,4.642857142857143016e-01,0.000000000000000000e+00,0.000000000000000000e+00,7.159090909090908283e-01,8.041237113402062153e-01,8.383838383838382313e-01,5.714285714285712858e-01
8.764044943820225031e-01,3.333333333333334259e-01,0.000000000000000000e+00,0.000000000000000000e+00,5.113636363636364646e-01,7.216494845360825749e-01,6.868686868686869618e-01,5.714285714285712858e-01
9.325842696629214057e-01,3.809523809523808757e-01,0.000000000000000000e+00,0.000000000000000000e+00,7.386363636363636465e-01,7.525773195876288568e-01,7.979797979797980112e-01,5.714285714285712858e-01
7.528089887640448952e-01,2.500000000000000000e-01,0.000000000000000000e+00,0.000000000000000000e+00,6.136363636363637575e-01,6.288659793814432852e-01,6.868686868686869618e-01,5.714285714285712858e-01
8.651685393258429224e-01,4.642857142857143016e-01,0.000000000000000000e+00,0.000000000000000000e+00,5.795454545454545858e-01,7.731958762886598224e-01,7.474747474747475140e-01,5.714285714285712858e-01
7.078651685393260173e-01,3.928571428571429047e-01,0.000000000000000000e+00,0.000000000000000000e+00,8.977272727272728181e-01,4.329896907216496116e-01,2.828282828282828731e-01,7.142857142857141906e-01
7.752808988764045006e-01,5.119047619047618625e-01,0.000000000000000000e+00,0.000000000000000000e+00,8.750000000000001110e-01,3.711340206185568258e-01,2.121212121212120993e-01,7.142857142857141906e-01
7.528089887640448952e-01,8.095238095238094234e-01,0.000000000000000000e+00,0.000000000000000000e+00,8.409090909090908283e-01,5.257731958762886793e-01,3.737373737373737570e-01,7.142857142857141906e-01
8.764044943820225031e-01,6.190476190476190688e-01,0.000000000000000000e+00,0.000000000000000000e+00,9.431818181818182323e-01,3.814432989690722531e-01,2.929292929292928727e-01,7.142857142857141906e-01
7.528089887640448952e-01,4.642857142857143016e-01,1.000000000000000000e+00,0.000000000000000000e+00,7.500000000000001110e-01,5.670103092783504994e-01,1.616161616161616299e-01,8.571428571428570953e-01
8.426966292134833170e-01,8.095238095238094234e-01,0.000000000000000000e+00,0.000000000000000000e+00,3.977272727272728736e-01,5.051546391752577136e-01,3.333333333333334259e-01,1.000000000000000000e+00
7.640449438202248089e-01,6.071428571428572063e-01,0.000000000000000000e+00,0.000000000000000000e+00,5.568181818181817677e-01,3.814432989690722531e-01,3.434343434343434809e-01,1.000000000000000000e+00
3.258426966292135019e-01,2.738095238095237804e-01,0.000000000000000000e+00,0.000000000000000000e+00,5.909090909090908283e-01,3.814432989690722531e-01,4.848484848484849175e-01,1.000000000000000000e+00
4.831460674157304069e-01,5.119047619047618625e-01,0.000000000000000000e+00,0.000000000000000000e+00,5.909090909090908283e-01,4.742268041237113763e-01,5.656565656565657463e-01,1.000000000000000000e+00
7.191011235955057090e-01,8.095238095238094234e-01,0.000000000000000000e+00,0.000000000000000000e+00,4.204545454545455252e-01,4.329896907216496116e-01,4.040404040404040886e-01,1.000000000000000000e+00
7.865168539325843033e-01,5.357142857142856984e-01,0.000000000000000000e+00,0.000000000000000000e+00,6.363636363636364646e-01,5.051546391752577136e-01,4.343434343434343647e-01,1.000000000000000000e+00
7.528089887640448952e-01,7.738095238095238360e-01,0.000000000000000000e+00,0.000000000000000000e+00,6.136363636363637575e-01,4.742268041237113763e-01,2.323232323232323482e-01,1.000000000000000000e+00
7.415730337078653145e-01,6.904761904761904656e-01,0.000000000000000000e+00,0.000000000000000000e+00,3.522727272727272929e-01,3.608247422680412875e-01,4.343434343434343647e-01,1.000000000000000000e+00
7.865168539325843033e-01,5.714285714285712858e-01,0.000000000000000000e+00,0.000000000000000000e+00,5.340909090909090606e-01,4.948453608247422864e-01,4.747474747474748069e-01,1.000000000000000000e+00
7.078651685393260173e-01,6.547619047619047672e-01,0.000000000000000000e+00,0.000000000000000000e+00,6.818181818181818787e-01,3.814432989690722531e-01,3.939393939393939781e-01,1.000000000000000000e+00
