3.932584269662921517e-01,2.500000000000000000e-01,0.000000000000000000e+00,0.000000000000000000e+00,3.409090909090909394e-01,3.195876288659794673e-01,4.343434343434343647e-01,0.000000000000000000e+00
2.696629213483145437e-01,4.880952380952380265e-01,0.000000000000000000e+00,0.000000000000000000e+00,7.159090909090908283e-01,3.195876288659794673e-01,4.343434343434343647e-01,0.000000000000000000e+00
4.943820224719102097e-01,3.928571428571429047e-01,0.000000000000000000e+00,0.000000000000000000e+00,4.431818181818182323e-01,3.608247422680412875e-01,4.040404040404040886e-01,0.000000000000000000e+00
2.696629213483145437e-01,3.214285714285713969e-01,0.000000000000000000e+00,0.000000000000000000e+00,4.204545454545455252e-01,2.577319587628866815e-01,3.838383838383839231e-01,0.000000000000000000e+00
3.258426966292135019e-01,2.976190476190476164e-01,0.000000000000000000e+00,0.000000000000000000e+00,5.454545454545455252e-01,3.608247422680412875e-01,4.646464646464646964e-01,0.000000000000000000e+00
4.044943820224719544e-01,4.761904761904762196e-01,0.000000000000000000e+00,0.000000000000000000e+00,4.886363636363635909e-01,4.329896907216496116e-01,5.353535353535353591e-01,0.000000000000000000e+00
4.943820224719102097e-01,3.095238095238095344e-01,0.000000000000000000e+00,0.000000000000000000e+00,4.772727272727274039e-01,2.268041237113402053e-01,2.020202020202020443e-01,0.000000000000000000e+00
4.382022471910112515e-01,1.785714285714286031e-01,0.000000000000000000e+00,0.000000000000000000e+00,4.318181818181818232e-01,3.195876288659794673e-01,4.343434343434343647e-01,0.000000000000000000e+00
4.044943820224719544e-01,3.095238095238095344e-01,0.000000000000000000e+00,0.000000000000000000e+00,6.022727272727272929e-01,2.989690721649485017e-01,4.141414141414140881e-01,0.000000000000000000e+00
3.033707865168539519e-01,3.095238095238095344e-01,0.000000000000000000e+00,0.000000000000000000e+00,4.204545454545455252e-01,3.608247422680412875e-01,4.343434343434343647e-01,0.000000000000000000e+00
3.820224719101124045e-01,4.166666666666665741e-01,0.000000000000000000e+00,0.000000000000000000e+00,5.000000000000000000e-01,3.505154639175258047e-01,4.646464646464646964e-01,0.000000000000000000e+00
4.606741573033708015e-01,4.166666666666665741e-01,0.000000000000000000e+00,0.000000000000000000e+00,6.590909090909090606e-01,1.752577319587629023e-01,3.131313131313131493e-01,0.000000000000000000e+00
2.808988764044944020e-01,1.190476190476190688e-01,0.000000000000000000e+00,0.000000000000000000e+00,4.431818181818182323e-01,2.989690721649485017e-01,4.242424242424242542e-01,0.000000000000000000e+00
2.808988764044944020e-01,4.166666666666665741e-01,0.000000000000000000e+00,0.000000000000000000e+00,4.204545454545455252e-01,4.020618556701031077e-01,5.050505050505049720e-01,0.000000000000000000e+00
3.483146067415730518e-01,8.333333333333337034e-02,0.000000000000000000e+00,0.000000000000000000e+00,8.295454545454546968e-01,2.061855670103093785e-02,1.414141414141414366e-01,0.000000000000000000e+00
4.606741573033708015e-01,4.880952380952380265e-01,0.000000000000000000e+00,0.000000000000000000e+00,4.431818181818182323e-01,1.855670103092783851e-01,3.232323232323232598e-01,0.000000000000000000e+00
3.820224719101124045e-01,2.023809523809523836e-01,0.000000000000000000e+00,0.000000000000000000e+00,4.318181818181818232e-01,3.298969072164948391e-01,4.444444444444444753e-01,0.000000000000000000e+00
4.943820224719102097e-01,4.166666666666665741e-01,0.000000000000000000e+00,0.000000000000000000e+00,5.340909090909090606e-01,2.371134020618556881e-01,3.636363636363636465e-01,0.000000000000000000e+00
2.584269662921348520e-01,1.904761904761904656e-01,0.000000000000000000e+00,0.000000000000000000e+00,6.250000000000001110e-01,2.268041237113402053e-01,3.535353535353535359e-01,0.000000000000000000e+00
4.719101123595506042e-01,2.857142857142857539e-01,0.000000000000000000e+00,0.000000000000000000e+00,6.363636363636364646e-01,1.546391752577319645e-01,3.030303030303030387e-01,0.000000000000000000e+00
2.471910112359551048e-01,3.214285714285713969e-01,0.000000000000000000e+00,0.000000000000000000e+00,5.454545454545455252e-01,1.340206185567010266e-01,2.828282828282828731e-01,0.000000000000000000e+00
7.303370786516854007e-01,3.690476190476191243e-01,0.000000000000000000e+00,0.000000000000000000e+00,6.704545454545455252e-01,2.783505154639175361e-01,4.040404040404040886e-01,0.000000000000000000e+00
4.943820224719102097e-01,4.761904761904762196e-01,0.000000000000000000e+00,0.000000000000000000e+00,5.681818181818182323e-01,4.432989690721649834e-01,5.454545454545455252e-01,0.000000000000000000e+00
2.808988764044944020e-01,2.500000000000000000e-01,0.000000000000000000e+00,0.000000000000000000e+00,4.659090909090908839e-01,3.092783505154639845e-01,4.242424242424242542e-01,0.000000000000000000e+00
5.280898876404492848e-01,1.547619047619047672e-01,0.000000000000000000e+00,0.000000000000000000e+00,5.795454545454545858e-01,3.092783505154639845e-01,4.343434343434343647e-01,0.000000000000000000e+00
4.269662921348315043e-01,3.571428571428572063e-01,0.000000000000000000e+00,0.000000000000000000e+00,5.454545454545455252e-01,1.958762886597938402e-01,2.929292929292928727e-01,0.000000000000000000e+00
3.595505617977528545e-01,3.095238095238095344e-01,0.000000000000000000e+00,0.000000000000000000e+00,3.977272727272728736e-01,2.577319587628866815e-01,3.838383838383839231e-01,0.000000000000000000e+00
4.157303370786516461e-01,4.285714285714286031e-01,0.000000000000000000e+00,0.000000000000000000e+00,4.772727272727274039e-01,4.020618556701031077e-01,3.636363636363636465e-01,0.000000000000000000e+00
8.314606741573032922e-01,6.428571428571427937e-01,0.000000000000000000e+00,0.000000000000000000e+00,7.500000000000001110e-01,6.391752577319588235e-01,6.969696969696969058e-01,1.428571428571428770e-01
2.247191011235955271e-01,3.571428571428572063e-01,0.000000000000000000e+00,0.000000000000000000e+00,6.477272727272727071e-01,7.731958762886598224e-01,8.181818181818182323e-01,1.428571428571428770e-01
7.865168539325843033e-01,3.571428571428572063e-01,0.000000000000000000e+00,0.000000000000000000e+00,6.363636363636364646e-01,7.731958762886598224e-01,7.373737373737372369e-01,1.428571428571428770e-01
7.078651685393260173e-01,7.023809523809523281e-01,0.000000000000000000e+00,0.000000000000000000e+00,7.272727272727272929e-01,7.216494845360825749e-01,6.666666666666668517e-01,1.428571428571428770e-01
3.370786516853931936e-01,4.166666666666665741e-01,0.000000000000000000e+00,0.000000000000000000e+00,4.772727272727274039e-01,5.979381443298970034e-01,3.434343434343434809e-01,1.428571428571428770e-01
5.168539325842697041e-01,5.119047619047618625e-01,0.000000000000000000e+00,0.000000000000000000e+00,4.090909090909091161e-01,7.525773195876288568e-01,2.323232323232323482e-01,1.428571428571428770e-01
5.393258426966290875e-01,3.928571428571429047e-01,0.000000000000000000e+00,0.000000000000000000e+00,5.909090909090908283e-01,7.628865979381445062e-01,7.171717171717171269e-01,1.428571428571428770e-01
5.280898876404492848e-01,5.119047619047618625e-01,0.000000000000000000e+00,0.000000000000000000e+00,5.909090909090908283e-01,7.525773195876288568e-01,7.979797979797980112e-01,1.428571428571428770e-01
8.202247191011236005e-01,2.380952380952381098e-01,0.000000000000000000e+00,0.000000000000000000e+00,6.022727272727272929e-01,9.072164948453608213e-01,9.292929292929293927e-01,1.428571428571428770e-01
3.258426966292135019e-01,3.690476190476191243e-01,0.000000000000000000e+00,0.000000000000000000e+00,8.068181818181817677e-01,6.391752577319588235e-01,6.969696969696969058e-01,1.428571428571428770e-01
7.078651685393260173e-01,3.690476190476191243e-01,0.000000000000000000e+00,0.000000000000000000e+00,5.795454545454545858e-01,8.144329896907215316e-01,8.484848484848485084e-01,1.428571428571428770e-01
5.842696629213484094e-01,2.738095238095237804e-01,0.000000000000000000e+00,0.000000000000000000e+00,7.386363636363636465e-01,7.010309278350516093e-01,7.373737373737372369e-01,1.428571428571428770e-01
7.977528089887642171e-01,2.857142857142857539e-01,0.000000000000000000e+00,0.000000000000000000e+00,8.068181818181817677e-01,6.907216494845360710e-01,7.474747474747475140e-01,1.428571428571428770e-01
3.483146067415730518e-01,4.047619047619047672e-01,0.000000000000000000e+00,0.000000000000000000e+00,6.477272727272727071e-01,8.350515463917527192e-01,8.585858585858585634e-01,1.428571428571428770e-01
7.191011235955057090e-01,5.000000000000000000e-01,0.000000000000000000e+00,0.000000000000000000e+00,5.454545454545455252e-01,7.731958762886598224e-01,7.373737373737372369e-01,1.428571428571428770e-01
8.539325842696630087e-01,2.976190476190476164e-01,0.000000000000000000e+00,0.000000000000000000e+00,5.681818181818182323e-01,5.773195876288660378e-01,6.262626262626262985e-01,5.714285714285712858e-01
9.887640449438206414e-01,3.095238095238095344e-01,0.000000000000000000e+00,0.000000000000000000e+00,5.909090909090908283e-01,7.216494845360825749e-01,7.575757575757573470e-01,5.714285714285712858e-01
6.404494382022472010e-01,2.619047619047619180e-01,0.000000000000000000e+00,0.000000000000000000e+00,6.818181818181819065e-02,4.742268041237113763e-01,3.333333333333334259e-01,5.714285714285712858e-01
7.078651685393260173e-01,3.095238095238095344e-01,0.000000000000000000e+00,0.000000000000000000e+00,5.454545454545455252e-01,7.628865979381445062e-01,8.080808080808081773e-01,5.714285714285712858e-01
8.764044943820225031e-01,2.023809523809523836e-01,0.000000000000000000e+00,0.000000000000000000e+00,6.477272727272727071e-01,7.628865979381445062e-01,7.979797979797980112e-01,5.714285714285712858e-01
7.191011235955057090e-01,3.571428571428572063e-01,0.000000000000000000e+00,0.000000000000000000e+00,5.454545454545455252e-01,7.216494845360825749e-01,7.676767676767677351e-01,5.714285714285712858e-01
6.629213483146068064e-01,1.547619047619047672e-01,0.000000000000000000e+00,0.000000000000000000e+00,7.272727272727272929e-01,7.422680412371135406e-01,7.777777777777779011e-01,5.714285714285712858e-01
7.191011235955057090e-01,4.880952380952380265e-01,0.000000000000000000e+00,0.000000000000000000e+00,7.954545454545454142e-01,3.092783505154639845e-01,2.626262626262625965e-01,7.142857142857141906e-01
6.741573033707863871e-01,7.142857142857143016e-01,1.000000000000000000e+00,0.000000000000000000e+00,8.750000000000001110e-01,5.773195876288660378e-01,5.252525252525251931e-01,7.142857142857141906e-01
8.202247191011236005e-01,8.095238095238094234e-01,0.000000000000000000e+00,0.000000000000000000e+00,9.772727272727271819e-01,5.670103092783504994e-01,2.929292929292928727e-01,7.142857142857141906e-01
7.528089887640448952e-01,8.571428571428572063e-01,0.000000000000000000e+00,0.000000000000000000e+00,8.295454545454546968e-01,4.845360824742269146e-01,2.525252525252524860e-01,7.142857142857141906e-01
8.651685393258429224e-01,4.880952380952380265e-01,1.000000000000000000e+00,0.000000000000000000e+00,4.204545454545455252e-01,5.257731958762886793e-01,1.010101010101009840e-02,8.571428571428570953e-01
7.078651685393260173e-01,5.833333333333333703e-01,0.000000000000000000e+00,0.000000000000000000e+00,4.431818181818182323e-01,4.226804123711340733e-01,3.535353535353535359e-01,1.000000000000000000e+00
7.191011235955057090e-01,5.952380952380952328e-01,0.000000000000000000e+00,0.000000000000000000e+00,4.659090909090908839e-01,3.711340206185568258e-01,2.020202020202020443e-01,1.000000000000000000e+00
7.191011235955057090e-01,7.380952380952381375e-01,0.000000000000000000e+00,0.000000000000000000e+00,5.681818181818182323e-01,3.402061855670103219e-01,3.838383838383839231e-01,1.000000000000000000e+00
6.966292134831461036e-01,7.976190476190475609e-01,0.000000000000000000e+00,0.000000000000000000e+00,5.227272727272728181e-01,3.402061855670103219e-01,4.040404040404040886e-01,1.000000000000000000e+00
8.314606741573032922e-01,4.761904761904762196e-01,0.000000000000000000e+00,0.000000000000000000e+00,5.340909090909090606e-01,6.701030927835053275e-01,3.030303030303030387e-01,1.000000000000000000e+00
7.303370786516854007e-01,4.880952380952380265e-01,0.000000000000000000e+00,0.000000000000000000e+00,5.340909090909090606e-01,4.536082474226804107e-01,5.151515151515152491e-01,1.000000000000000000e+00
7.415730337078653145e-01,8.333333333333331483e-01,0.000000000000000000e+00,0.000000000000000000e+00,3.863636363636364091e-01,3.917525773195876249e-01,3.636363636363636465e-01,1.000000000000000000e+00
7.528089887640448952e-01,5.357142857142856984e-01,0.000000000000000000e+00,0.000000000000000000e+00,5.795454545454545858e-01,3.505154639175258047e-01,3.838383838383839231e-01,1.000000000000000000e+00
7.528089887640448952e-01,7.738095238095238360e-01,0.000000000000000000e+00,0.000000000000000000e+00,2.840909090909091161e-01,4.020618556701031077e-01,2.525252525252524860e-01,1.000000000000000000e+00
7.078651685393260173e-01,4.880952380952380265e-01,0.000000000000000000e+00,0.000000000000000000e+00,5.568181818181817677e-01,6.907216494845360710e-01,2.020202020202020443e-01,1.000000000000000000e+00
7.640449438202248089e-01,7.380952380952381375e-01,0.000000000000000000e+00,0.000000000000000000e+00,4.886363636363635909e-01,4.226804123711340733e-01,4.242424242424242542e-01,1.000000000000000000e+00
